516, -0.021555, -0.059875, 9.1968, 0, 0.00106526, 0.0117179, -0.00852208, 
983, -0.04311, -0.13891, 9.50576, 0, 0.00319578, 0.00319578, -0.00319578, 
1248, -0.040715, -0.122145, 9.37643, 0, -0.00319578, 0.0106526, -0.00319578, 
1534, -0.05748, -0.0479, 9.30457, 0, -0.00213052, 0.0106526, -0.00958734, 
1828, -0.0479, -0.15807, 9.49618, 0, -0.00106526, 0.0106526, -0.00639156, 
2108, -0.01437, -0.13412, 9.40277, 0, -0.00426104, 0.0117179, -0.00639156, 
2366, -0.01437, -0.11017, 9.36685, 0, -0.00106526, 0.00958734, -0.0053263, 
2622, -0.050295, -0.13891, 9.4363, 0, -0.00639156, 0.00745682, -0.0053263, 
2916, -0.045505, -0.126935, 9.37643, 0, -0.00213052, 0.00639156, -0.00639156, 
3223, -0.040715, -0.1437, 9.41714, 0, -0.00106526, 0.00639156, -0.00958734, 
3483, -0.04311, -0.12933, 9.44349, 0, -0.00426104, 0.00745682, -0.00745682, 
3743, -0.03832, -0.079035, 9.37882, 0, 0.00106526, 0.00958734, -0.00319578, 
3995, -0.002395, -0.12933, 9.36924, 0, -0.00319578, 0.00745682, -0.00426104, 
4292, -0.064665, -0.11975, 9.38122, 0, -0.00213052, 0.00958734, -0.00745682, 
4578, 0.007185, -0.079035, 9.46265, 0, -0.00319578, 0.00426104, -0.00745682, 
4833, -0.03832, -0.141305, 9.44349, 0, 0, 0.0053263, -0.00639156, 
5084, -0.03353, -0.107775, 9.40038, 0, 0.00426104, 0.00639156, -0.00639156, 
5337, 0.002395, -0.126935, 9.45306, 0, 0.00106526, 0.0053263, -0.00106526, 
5637, -0.064665, -0.11017, 9.43391, 0, -0.00213052, 0.00639156, -0.00639156, 
5930, -0.03832, -0.141305, 9.43869, 0, 0.00213052, 0.0053263, -0.0117179, 
6184, -0.03353, -0.141305, 9.3884, 0, -0.00426104, 0.00852208, -0.0053263, 
6440, -0.026345, -0.07664, 9.43869, 0, -0.00319578, 0.00319578, -0.0053263, 
6693, -0.035925, -0.107775, 9.41714, 0, 0.00106526, 0.00213052, -0.00639156, 
7007, -0.02395, -0.13891, 9.35727, 0, -0.00319578, 0.00426104, -0.00639156, 
7288, -0.03832, -0.13412, 9.40517, 0, -0.00745682, -0.00319578, -0.0117179, 
7551, -0.342485, -0.476605, 9.15848, 0, 0.00958734, 0.0308925, -0.00745682, 
7804, 0.136515, -0.275425, 9.56324, 0, -0.00213052, 0.0127831, -0.0053263, 
8058, 0.13412, -0.1916, 9.52971, 0, 0.00213052, 0.0053263, -0.00745682, 
8359, 0.08143, -0.165255, 9.43869, 0, -0.00213052, 0.00213052, -0.00639156, 
8635, -0.002395, -0.13412, 9.45546, 0, -0.00426104, 0.00106526, -0.00426104, 
8886, -0.055085, -0.13412, 9.40996, 0, 0.00426104, 0.0170442, -0.00639156, 
9143, -0.026345, -0.29219, 9.42432, 0, 0.00852208, 0.0223705, -0.0170442, 
9412, -0.031135, -0.06227, 9.45067, 0, -0.00426104, 0.00745682, -0.00213052, 
9727, -0.03832, -0.122145, 9.37882, 0, 0.00106526, 0.0106526, -0.00639156, 
9992, -0.069455, -0.050295, 9.34529, 0, -0.00426104, 0, -0.0191747, 
10278, -0.00479, -0.10538, 9.40038, 0, -0.00639156, 0.00213052, -0.00319578, 
10527, -0.285005, 0.1437, 9.11537, 0, -0.0735029, 0.0117179, 0.0181094, 
10817, -0.040715, -0.064665, 9.33092, 0, 0.0159789, 0.0149136, 0.0766987, 
11096, 0.399965, 0.56043, 9.3908, 0, -0.0127831, -0.00745682, 0.0511325, 
11360, 0.45505, 0.52211, 9.30218, 0, -0.0383494, -0.0159789, -0.0266315, 
11639, 0.26824, 0.605935, 9.68299, 0, 0.0340883, 0.0117179, -0.109722, 
11903, 0.002395, 1.5807, 12.0373, 0, -0.169376, -0.0745682, -0.320643, 
12205, -1.29809, 2.46685, 10.2267, 0, 0.12357, -0.308925, -0.26738, 
12505, -1.4873, -0.48379, 3.39132, 0, -0.0596546, -0.0117179, -0.0788292, 
12758, -2.01419, -0.42631, 11.5559, 0, -0.134223, -0.421843, -0.290816, 
13018, 1.37952, -1.82978, 19.4713, 0, 0.304664, 0.222639, -0.381363, 
13283, 3.72662, -6.40183, 11.5367, 0, 0.0926776, 0.311056, -0.419712, 
13590, -0.227525, -0.75203, 8.37053, 0, 0.234357, -0.00958734, -0.63596, 
13861, 0.649045, -2.35189, -0.02395, 0, -0.151267, -0.479367, -1.06419, 
14114, 4.00923, -4.06671, 8.85671, 0, -0.118244, -0.150202, -0.965126, 
14368, 2.72072, -4.81874, 11.5846, 0, 0.0703072, 0.150202, -0.768052, 
14643, 0.754425, -1.916, 9.8219, 0, 0.0415451, 0.0958734, -0.57524, 
14945, -1.40587, 1.3891, 7.63287, 0, -0.0745682, -0.153397, -0.705202, 
15215, -0.42631, -0.79993, 9.00041, 0, -0.0308925, -0.0191747, -0.421843, 
15474, -0.28261, 0.3832, 10.1332, 0, -0.00958734, 0.0553935, -0.193877, 
15796, -0.57001, -0.280215, 9.22075, 0, -0.0255662, 0.00639156, -0.219444, 
16083, -0.94363, 1.34839, 9.38361, 0, -0.00745682, 0.0181094, -0.162985, 
16420, -1.39868, 3.10153, 10.2889, 0, 0.0117179, 0.0639156, 0.472975, 
16704, -1.24301, 1.12326, 12.2169, 0, 0.0521977, 0.600807, 0.704137, 
16963, 1.53041, -3.37935, 11.2038, 0, 0.127831, 1.02904, 0.814924, 
17214, 1.53999, -1.13284, 8.66751, 0, -0.0159789, 1.84503, 1.18244, 
17482, 2.96262, -2.56505, 8.16456, 0, -0.137419, 2.12839, 0.999214, 
17810, -0.926865, 3.03447, 4.16012, 0, -0.16405, 1.4903, 0.803206, 
18073, -2.24412, 1.71961, 8.9118, 0, -0.169376, 0.202399, 1.06952, 
18320, 0.376015, -0.581985, 5.78393, 0, -0.155528, -0.0926776, 0.877774, 
18579, -0.294585, -2.00941, 9.76202, 0, -0.14168, 0.198138, 0.786162, 
18866, -4.26789, 1.20708, 9.40517, 0, 0.148071, 0.162985, 0.704137, 
19157, -2.89077, -0.28261, 7.86039, 0, -0.0383494, -0.140614, 0.651939, 
19412, -4.13617, -0.299375, 8.76331, 0, -0.0340883, -0.533695, 0.284424, 
19667, -0.146095, -0.15807, 9.7716, 0, -0.0724377, -0.0223705, 0.384559, 
19918, -0.8143, -0.136515, 10.0901, 0, -0.0607198, 0.549674, 0.456997, 
20205, -1.55915, 0.91489, 9.50815, 0, -0.151267, 0.998149, 0.602937, 
20493, -2.1579, 1.3436, 8.68906, 0, 0.00319578, 1.16433, 0.382428, 
20751, -2.28962, 0.907705, 8.39208, 0, -0.0703072, 1.32305, 0.197073, 
21002, -4.20323, 0.969975, 11.1463, 0, 0.0564588, 1.74703, -0.0234357, 
21266, -1.916, 0.43589, 10.4614, 0, -0.0692419, 2.30203, -0.657265, 
21594, -4.12419, 2.97938, 9.54168, 0, -0.59335, 2.78885, -1.27618, 
21880, -3.547, -9.87459, 6.14318, 0, -0.433561, 2.56515, -1.35714, 
22144, -7.74064, -3.29792, 22.2208, 0, -0.609329, 2.08365, -0.983235, 
22404, -8.97886, -4.15772, 11.2517, 0, -0.354732, 1.48817, -0.795749, 
22658, -7.56102, 2.43332, 12.0205, 0, 0.0926776, 1.52652, -0.563523, 
22986, -3.99486, -0.29219, 9.11777, 0, -0.194943, 1.52758, -0.850078, 
23272, -0.055085, -0.035925, 6.706, 0, 0.494281, 2.03784, -0.900145, 
23539, -5.47258, -3.75297, 8.11905, 0, 0.537956, 2.13052, -0.399473, 
23788, -3.54939, 3.86553, 8.43998, 0, 1.0088, 1.4871, -0.557131, 
24034, -6.54075, -1.46335, 7.43648, 0, 1.11959, 1.10148, -0.44954, 
24329, -7.82447, 0.534085, 7.54186, 0, 1.18776, 0.77977, -0.223705, 
24603, -5.25703, -0.32572, 5.83183, 0, 1.33051, 0.745682, -0.0596546, 
24856, -7.62329, 0.443075, 6.87126, 0, 0.939559, 0.951277, 0.0138484, 
25112, -9.66862, -3.76973, 7.1874, 0, 0.496411, 1.10894, -0.0969387, 
25373, -5.15883, 0.227525, 7.13471, 0, 0.327035, 0.888427, -0.323839, 
25678, -6.29885, -0.203575, 6.78743, 0, 0.314252, 0.511325, -0.414386, 
25951, -6.12402, 0.18202, 5.99948, 0, 0.349405, 0.303599, -0.308925, 
26201, -6.92874, 0.366435, 6.8042, 0, 0.188551, 0.51239, -0.172572, 
26442, -7.15626, -0.3353, 7.19219, 0, 0.169376, 1.02158, -0.0980039, 
26735, -7.50354, -0.079035, 6.86647, 0, 0.0798945, 1.28577, 0.0937429, 
27015, -8.22683, -1.12086, 6.49285, 0, 0.20453, 1.36886, 0.377102, 
27277, -7.92027, -0.82388, 6.16952, 0, 0.442083, 1.4903, 0.612525, 
27527, -10.5835, 1.23582, 6.75151, 0, 0.580567, 1.30814, 0.905471, 
27784, -5.91565, -0.39757, 7.29038, 0, 0.893753, 1.72572, 1.05674, 
28066, -10.2003, 0.740055, 7.75501, 0, 0.863926, 1.87592, 1.35075, 
28356, -10.1548, 0.433495, 8.35376, 0, 1.52545, 2.30416, 1.86421, 
28618, -17.8835, 7.35026, 7.69274, 0, 1.3092, 1.32305, 1.66607, 
28878, -5.18039, 4.05474, 3.23565, 0, 1.19522, 1.67992, 1.3092, 
29118, -9.92488, 0.38799, 4.026, 0, 0.84049, 1.54676, 1.46793, 
29460, -0.47421, -5.20194, -3.70267, 0, 1.55954, 2.10176, 1.62346, 
29744, -6.5647, -3.68112, -0.902915, 0, 1.64583, 1.83012, 1.60322, 
29994, -8.88785, 2.27525, -1.04662, 0, 1.23144, 1.09828, 1.40295, 
30239, -8.8136, 5.58754, 1.59986, 0, 0.764857, 0.82025, 1.01413, 
30493, -8.46872, 4.01881, 1.32923, 0, 0.467649, 0.77977, 0.49215, 
30792, -8.89743, 4.22478, 1.40587, 0, 0.361123, 0.726507, 0.266315, 
31077, -8.94293, 5.09656, 1.34839, 0, 0.258858, 0.724377, 0.230096, 
31328, -9.07466, 4.94807, 0.90052, 0, 0.155528, 0.644482, 0.077764, 
31586, -8.72259, 4.65588, 1.1472, 0, 0.395211, 0.682832, 0.199204, 
31891, -8.72738, 4.3589, 1.69806, 0, 0.649809, 0.795749, 0.527304, 
32198, -8.30586, 3.86553, 2.02617, 0, 0.803206, 1.00241, 0.574175, 
32492, -8.51902, 4.14335, 0.974765, 0, 1.00667, 1.01839, 0.562457, 
32748, -8.77528, 5.32169, 0.21076, 0, 1.05141, 0.773379, 0.544348, 
32997, -8.74415, 4.89538, 0.534085, 0, 1.07698, 0.959799, 0.517716, 
33259, -8.04959, 5.42707, 0.24429, 0, 1.06206, 1.47006, 0.667918, 
33550, -7.72627, 5.37917, -0.57001, 0, 0.849012, 2.09537, 0.84049, 
33813, -8.15019, 5.03668, -1.21187, 0, 0.403734, 2.31907, 0.568849, 
34062, -8.40166, 4.82832, -1.08733, 0, 0.234357, 2.05808, 0.00106526, 
34315, -8.66032, 4.43075, -1.19032, 0, 0.439952, 1.70442, -0.398407, 
34600, -8.34418, 4.87862, -1.8226, 0, 0.563523, 1.63198, -0.505998, 
34889, -7.78854, 5.08219, -2.48362, 0, 0.713724, 1.63411, -0.181094, 
35139, -7.48198, 4.6463, -3.07997, 0, 0.886296, 1.53824, 0.303599, 
35392, -7.74304, 4.7421, -3.30031, 0, 0.922515, 1.37312, 0.404799, 
35636, -8.15019, 5.69291, -4.30621, 0, 0.781901, 1.01626, 0.279098, 
35942, -7.88195, 5.24026, -4.01642, 0, 0.82025, 0.726507, 0.289751, 
36235, -7.60413, 4.71575, -3.57095, 0, 1.24316, 0.683897, 0.528369, 
36489, -8.09271, 5.62346, -4.24155, 0, 1.37632, 0.638091, 0.82025, 
36746, -7.4724, 5.54922, -4.96005, 0, 1.32731, 0.641287, 0.825577, 
37005, -6.87605, 5.43665, -5.09896, 0, 1.00134, 0.560327, 0.559262, 
37309, -6.25814, 4.2152, -4.93849, 0, 1.09722, 0.517716, 0.496411, 
37578, -6.60781, 4.76126, -5.92284, 0, 0.911863, 0.508129, 0.311056, 
37838, -6.76827, 4.74449, -5.37678, 0, 1.04715, 0.830903, 0.332361, 
38086, -6.97664, 4.026, -4.67265, 0, 1.4136, 1.30388, 0.539022, 
38336, -6.67008, 6.10486, -6.39944, 0, 0.744617, 0.887362, 0.126766, 
38638, -7.00059, 4.39243, -5.34564, 0, 0.907602, 0.911863, -0.0127831, 
38901, -6.29885, 3.62603, -5.80309, 0, 1.26446, 1.15687, 0.0980039, 
39158, -6.48566, 5.80548, -7.63287, 0, 0.791488, 0.772314, -0.172572, 
39414, -5.64502, 3.61885, -6.71319, 0, 0.937429, 1.12598, -0.00106526, 
39708, -5.59712, 4.66546, -7.01975, 0, 0.580567, 1.1132, 0.0980039, 
40002, -6.62457, 4.33974, -7.35265, 0, 0.61572, 0.59548, 0.00958734, 
40275, -6.07612, 4.12898, -7.15626, 0, 0.545413, 0.702006, 0.102265, 
40528, -6.31562, 4.73492, -7.66161, 0, 0.397342, 0.591219, 0.260989, 
40778, -5.86536, 4.50739, -7.62568, 0, 0.392016, 0.562457, 0.452736, 
41036, -5.71208, 4.09785, -7.3311, 0, 0.464453, 0.712659, 0.828772, 
41340, -5.88691, 4.18646, -7.78854, 0, 0.374972, 0.483628, 0.753139, 
41597, -5.67136, 4.02839, -7.58257, 0, 0.178964, 0.555, 0.688158, 
41858, -5.62107, 3.51825, -6.85928, 0, 0.181094, 0.77764, 0.90121, 
42103, -5.0319, 4.12898, -7.48677, 0, 0.109722, 0.580567, 0.661527, 
42398, -5.20434, 4.2655, -8.20527, 0, 0.0127831, 0.418647, 0.289751, 
42719, -5.06303, 3.96133, -7.35984, 0, 0.24501, 0.760596, 0.559262, 
42972, -4.27747, 4.76366, -8.08792, 0, 0.281229, 0.773379, 1.04076, 
43219, -4.40201, 4.94568, -8.92377, 0, 0.264184, 0.384559, 0.823446, 
43473, -4.60798, 3.81524, -7.73106, 0, 0.586958, 0.452736, 0.996018, 
43768, -3.89906, 3.44162, -8.1909, 0, 0.812793, 0.708398, 1.31134, 
44043, -3.25002, 4.80916, -9.02676, 0, 0.442083, 0.0990692, 1.09935, 
44297, -3.88469, 4.28705, -8.17653, 0, 0.49215, 0.279098, 0.88097, 
44553, -3.89667, 4.09785, -7.19219, 0, 0.868187, 0.728638, 1.18031, 
44798, -3.53502, 4.90017, -8.82318, 0, 0.903341, 0.902275, 0.813859, 
45103, -3.94696, 4.41638, -9.47702, 0, 0.659396, 0.728638, 0.128896, 
45375, -2.41177, 2.56265, -8.84713, 0, 0.648743, 0.882035, 0.38882, 
45628, -1.8202, 4.28466, -8.93575, 0, 0.286555, 0.319578, 0.282294, 
45877, -2.47164, 3.9757, -9.19441, 0, 0.188551, 0.158724, 0.0447409, 
46129, -3.05842, 4.33256, -9.02676, 0, 0.223705, 0.20666, 0.109722, 
46444, -2.43332, 4.37806, -9.17764, 0, 0.180029, 0.0937429, -0.0447409, 
46727, -2.61295, 3.75776, -9.32853, 0, 0.14381, 0.100134, -0.0426104, 
47017, -2.40698, 4.10982, -9.28302, 0, 0.109722, -0.0447409, 0.0436757, 
47272, -2.17466, 4.09306, -9.52252, 0, -0.105461, -0.0553935, -0.0596546, 
47531, -2.22256, 4.13138, -9.62072, 0, -0.327035, -0.416517, -0.372841, 
47883, -2.63211, 4.13138, -10.6625, 0, -0.127831, -1.41893, -0.584828, 
48149, -1.71003, 4.09306, -9.85782, 0, -0.610394, -1.79496, -0.960865, 
48406, -2.02617, 3.48952, -9.07226, 0, -1.32412, -1.69802, -1.24955, 
48641, -2.87161, 3.6404, -8.82079, 0, -1.49882, -1.5116, -1.48284, 
48908, -4.66067, 4.57924, -8.26754, 0, -1.45728, -1.37525, -1.35288, 
49198, -5.52766, 4.28705, -7.5682, 0, -1.09722, -1.45941, -1.13344, 
49456, -5.35761, 4.51697, -7.27122, 0, -0.862861, -1.71507, -1.03756, 
49703, -6.04259, 4.64151, -7.35984, 0, -0.760596, -2.171, -1.02478, 
49954, -5.83662, 4.60319, -7.15387, 0, -0.655135, -2.67061, -1.07485, 
50227, -5.52287, 3.58292, -6.72516, 0, -0.470845, -2.21148, -0.763791, 
50559, -6.41621, 4.48344, -7.06765, 0, -0.653004, -1.93558, -0.577371, 
50809, -6.57188, 4.56487, -7.36942, 0, -0.804271, -1.91534, -0.807467, 
51071, -6.72037, 4.91933, -6.87365, 0, -1.05887, -1.83864, -0.972582, 
51319, -7.80052, 5.43426, -6.13359, 0, -1.12385, -1.8429, -0.724377, 
51614, -8.00648, 4.47147, -4.47865, 0, -0.888427, -1.78111, -0.327035, 
51883, -8.06636, 4.27507, -4.59361, 0, -0.899079, -1.70335, -0.208791, 
52140, -7.88195, 4.56966, -4.74929, 0, -0.61572, -1.81201, -0.254597, 
52392, -8.36574, 4.33735, -4.76126, 0, -0.640221, -1.48071, -0.169376, 
52647, -8.48788, 3.89427, -4.10503, 0, -0.893753, -1.55208, 0.0127831, 
52943, -8.08792, 3.86074, -3.89667, 0, -1.28044, -2.09217, -0.0564588, 
53216, -8.10947, 4.78761, -3.68351, 0, -1.44662, -2.64291, -0.515586, 
53462, -8.36574, 4.17449, -2.98178, 0, -1.37099, -2.40536, -0.323839, 
53713, -7.60652, 4.68941, -2.3495, 0, -1.34755, -2.16354, -0.205595, 
53958, -8.0017, 3.81763, -1.7723, 0, -1.57765, -2.27859, -0.221574, 
54247, -8.00648, 3.52784, -0.960395, 0, -1.94303, -2.40749, -0.594415, 
54507, -8.89743, 3.34821, 0.78556, 0, -1.78325, -2.21894, -0.721181, 
54765, -8.74175, 4.12659, 1.69087, 0, -1.38484, -1.96114, -0.644482, 
55012, -8.96928, 4.3565, 1.61902, 0, -1.1345, -2.07726, -0.422908, 
55300, -9.12016, 4.19604, 1.71961, 0, -0.993888, -2.13585, -0.181094, 
55598, -8.77528, 3.0656, 2.24412, 0, -0.939559, -1.71187, 0.0181094, 
55886, -7.83644, 3.5925, 2.52193, 0, -1.00774, -1.45941, -0.199204, 
56147, -7.8556, 3.61406, 1.92319, 0, -1.27192, -1.75235, -0.619981, 
56389, -7.82207, 3.63322, 2.52673, 0, -1.3859, -1.89936, -0.728638, 
56651, -8.59326, 3.33384, 4.05713, 0, -1.0088, -1.63304, -0.189616, 
56938, -8.47112, 2.97698, 4.21999, 0, -0.96193, -1.39656, 0.315317, 
57201, -7.45085, 3.10153, 4.27268, 0, -1.3124, -1.75874, 0.118244, 
57445, -7.77896, 3.17817, 4.64869, 0, -1.4168, -2.14863, -0.399473, 
57730, -7.82447, 2.40458, 5.57077, 0, -1.28364, -1.84183, -0.444213, 
57999, -7.29757, 2.02617, 5.41989, 0, -1.20268, -1.42319, -0.239684, 
58287, -6.64134, 2.01419, 5.42707, 0, -1.35075, -1.3614, -0.00213052, 
58535, -6.47369, 2.09323, 5.54203, 0, -1.59576, -1.9409, -0.210921, 
58785, -6.67247, 2.39021, 5.8438, 0, -1.62665, -2.01547, -0.619981, 
59027, -6.48566, 1.76272, 6.5168, 0, -1.31453, -1.41893, -0.610394, 
59318, -6.85449, 1.51364, 7.58257, 0, -0.906536, -0.811728, -0.0511325, 
59593, -6.71319, 0.89573, 8.0951, 0, -0.929972, -1.50202, 0.0980039, 
59852, -6.18389, 0.155675, 7.4748, 0, -1.55954, -1.89723, -0.320643, 
60097, -6.45452, 0.50295, 8.20527, 0, -1.74703, -1.93025, -0.5305, 
60349, -6.20305, 0.586775, 8.72259, 0, -1.29216, -1.8706, -0.36858, 
60641, -5.20673, 0.285005, 7.78136, 0, -1.10254, -1.82905, -0.256728, 
60909, -4.18167, -0.01916, 7.15387, 0, -1.20481, -1.65861, -0.360058, 
61152, -4.00205, -0.15328, 7.24967, 0, -1.44023, -1.41147, -0.55287, 
61402, -4.34213, -0.170045, 8.38969, 0, -1.45728, -1.31027, -0.618916, 
61668, -4.61037, -0.80472, 9.32613, 0, -1.02691, -1.10787, -0.461258, 
61977, -4.20562, -1.06817, 9.36205, 0, -0.721181, -0.706267, -0.26525, 
62243, -3.9781, -1.10649, 9.17525, 0, -0.641287, -0.614655, -0.185355, 
62501, -3.67393, -1.69806, 8.80881, 0, -0.713724, -0.887362, -0.20666, 
62750, -3.15422, -2.10041, 8.20767, 0, -0.728638, -1.13663, -0.318513, 
63024, -2.94585, -2.23214, 7.92266, 0, -0.661527, -1.08337, -0.215183, 
63358, -2.7758, -1.68369, 7.73585, 0, -0.807467, -1.23464, -0.147006, 
63625, -2.68001, -1.90882, 7.99691, 0, -0.871383, -1.58617, -0.115048, 
63879, -2.50757, -2.08365, 8.16695, 0, -1.15687, -1.82905, -0.347275, 
64126, -2.22735, -1.83697, 8.80881, 0, -1.41893, -1.93664, -0.507064, 
64384, -2.28723, -2.02378, 9.16567, 0, -1.28683, -2.09643, -0.450605, 
64740, -1.51604, -2.59139, 9.10579, 0, -1.07591, -1.88871, -0.51239, 
64993, -0.94842, -2.874, 9.07466, 0, -0.927841, -1.44662, -0.493215, 
65251, -0.3832, -3.45359, 9.22075, 0, -0.740356, -1.06313, -0.303599, 
65498, -0.37841, -3.67154, 8.88306, 0, -0.556066, -0.92145, -0.193877, 
65789, -0.30177, -3.82721, 8.9094, 0, -0.258858, -0.796815, -0.0106526, 
66070, -0.055085, -4.53853, 8.93575, 0, 0.142745, -0.657265, 0.257793, 
66357, -0.17723, -3.72662, 8.06157, 0, 0.0276968, -0.9843, 0.198138, 
66614, 0.682575, -3.49191, 7.67119, 0, -0.511325, -1.33158, -0.0500672, 
66867, 0.9101, -3.75776, 7.7119, 0, -0.872448, -1.56593, -0.246075, 
67151, 0.99632, -3.6883, 8.20048, 0, -1.13663, -1.74916, -0.432496, 
67423, 1.21666, -3.88948, 8.41603, 0, -1.22079, -1.74916, -0.397342, 
67673, 1.27654, -4.27268, 8.44956, 0, -1.061, -1.54782, -0.332361, 
67922, 1.65734, -4.33256, 8.17653, 0, -0.895884, -1.45515, -0.333426, 
68204, 2.12197, -4.51458, 7.55862, 0, -1.04395, -1.60322, -0.453801, 
68510, 2.35429, -4.90017, 7.34307, 0, -1.22292, -1.74809, -0.534761, 
68769, 2.8261, -5.52766, 7.40774, 0, -1.01519, -1.59576, -0.340883, 
69021, 3.22128, -5.28337, 7.32152, 0, -0.784031, -1.13663, -0.227966, 
69267, 2.97698, -5.03668, 7.88434, 0, -0.531565, -0.794684, -0.168311, 
69522, 3.13506, -5.18757, 7.54665, 0, -0.470845, -0.817054, -0.129962, 
69808, 3.547, -4.96962, 6.66529, 0, -0.888427, -1.09509, -0.483628, 
70071, 3.88709, -5.56598, 6.86407, 0, -1.0887, -1.36353, -0.561392, 
70313, 4.24873, -6.26293, 6.94071, 0, -1.01732, -1.28577, -0.398407, 
70566, 4.22478, -5.7983, 6.63655, 0, -0.931037, -1.18563, -0.446344, 
70824, 4.62954, -5.91565, 6.12162, 0, -0.811728, -1.12385, -0.51026, 
71112, 4.74929, -5.86775, 5.90128, 0, -0.825577, -1.08124, -0.517716, 
71368, 4.85227, -5.64741, 5.40073, 0, -0.908667, -1.22292, -0.584828, 
71623, 5.05345, -5.78872, 5.39833, 0, -1.00028, -1.29323, -0.619981, 
71864, 5.27858, -5.99948, 5.63783, 0, -0.919319, -1.18883, -0.542217, 
72132, 5.5061, -6.16234, 5.5085, 0, -0.664722, -0.927841, -0.413321, 
72504, 5.71208, -5.94678, 4.75647, 0, -0.609329, -0.80001, -0.432496, 
72803, 5.85338, -5.96116, 4.67743, 0, -0.460192, -0.648743, -0.418647, 
73054, 6.0378, -6.20784, 4.15772, 0, -0.418647, -0.649809, -0.362188, 
73307, 6.2773, -6.37789, 3.52065, 0, -0.572045, -0.891623, -0.369645, 
73595, 6.36112, -6.15515, 3.42964, 0, -0.648743, -1.061, -0.452736, 
73871, 6.36352, -5.83422, 3.72423, 0, -0.487889, -0.909732, -0.497476, 
74114, 6.68684, -6.04019, 3.60448, 0, -0.317447, -0.760596, -0.513455, 
74364, 7.0413, -6.61739, 2.84047, 0, -0.280163, -0.913993, -0.384559, 
74612, 7.48198, -6.90479, 2.60576, 0, -0.311056, -1.15155, -0.292947, 
74938, 7.06286, -6.21503, 3.08237, 0, -0.338753, -1.23251, -0.316382, 
75203, 7.03891, -5.89649, 3.45838, 0, -0.209856, -0.998149, -0.253532, 
75455, 7.11555, -5.48934, 3.32187, 0, -0.0852208, -0.626373, -0.0660461, 
75700, 7.11794, -5.72884, 2.90753, 0, -0.0436757, -0.36858, -0.0159789, 
75956, 6.98861, -5.67136, 2.79018, 0, -0.182159, -0.549674, -0.0692419, 
76256, 7.64963, -6.34436, 2.39261, 0, -0.30573, -0.703072, -0.0521977, 
76545, 7.52509, -5.69291, 1.9639, 0, -0.517716, -0.762726, -0.082025, 
76794, 7.19698, -5.50132, 1.97109, 0, -0.537956, -0.727573, -0.128896, 
77042, 6.90239, -5.33606, 1.98067, 0, -0.483628, -0.682832, -0.183225, 
77302, 6.9479, -5.02711, 1.64297, 0, -0.565653, -0.678571, -0.288685, 
77587, 7.38379, -5.57556, 1.39868, 0, -0.583763, -0.782966, -0.398407, 
77839, 7.47959, -6.12881, 1.32443, 0, -0.660461, -1.01306, -0.410125, 
78085, 7.77896, -6.43297, 0.90052, 0, -0.664722, -1.17285, -0.393081, 
78333, 7.93224, -6.14797, 0.79035, 0, -0.551805, -1.07378, -0.373906, 
78601, 7.74783, -5.58275, 0.481395, 0, -0.435691, -1.04182, -0.346209, 
78938, 7.22811, -5.36001, 0.011975, 0, -0.355797, -0.960865, -0.172572, 
79212, 4.82593, -5.71687, -0.692155, 0, -0.80001, -0.896949, 0.827707, 
79460, 6.33477, -5.97553, -0.404755, 0, -1.14409, -0.472975, 1.47752, 
79709, 10.3871, -6.26293, 0.122145, 0, -0.980039, -0.259923, 0.765922, 
79984, 9.77879, -5.49173, -0.347275, 0, -0.751008, -0.622112, -0.258858, 
80287, 7.21374, -5.28577, -0.543665, 0, -0.63596, -0.681766, -0.309991, 
80540, 8.08073, -6.14557, -0.246685, 0, -0.419712, -0.331296, -0.198138, 
80798, 7.89871, -6.38028, -0.54606, 0, -0.315317, -0.231161, -0.127831, 
81046, 7.76459, -6.35633, -1.10889, 0, -0.430365, -0.441018, -0.138484, 
81353, 7.49875, -6.19587, -1.49688, 0, -0.569914, -0.670049, -0.196008, 
81629, 7.43648, -5.91805, -1.59268, 0, -0.619981, -0.622112, -0.138484, 
81879, 7.45085, -5.59712, -1.1017, 0, -0.517716, -0.344079, 0.0170442, 
82126, 7.14189, -5.76716, -1.7268, 0, -0.5305, -0.189616, 0.2269, 
82371, 7.58257, -5.99708, -2.16029, 0, -0.584828, -0.158724, 0.218378, 
82659, 5.57556, -6.96945, -2.08365, 0, -0.00106526, -0.924646, 0.509194, 
82932, 6.66529, -6.4689, -1.59747, 0, 0.20453, -1.33797, 0.539022, 
83178, 8.57889, -6.09049, -1.88966, 0, 0.321709, -1.15261, 0.369645, 
83437, 9.24231, -5.6043, -2.56984, 0, 0.345144, -0.835164, -0.0521977, 
83688, 7.87237, -5.61867, -3.00812, 0, 0.0596546, -0.319578, -0.198138, 
83993, 7.79812, -6.14797, -2.22975, 0, -0.150202, 0.106526, -0.102265, 
84255, 8.21245, -6.82096, -2.89795, 0, -0.197073, 0.134223, 0.182159, 
84507, 7.43169, -6.36591, -2.63211, 0, -0.216248, -0.0149136, 0.154463, 
84755, 7.32152, -6.62697, -1.57352, 0, -0.0681766, -0.0415451, 0.110787, 
85038, 7.41732, -6.83773, -1.76512, 0, 0.0841555, 0.0159789, -0.222639, 
85340, 6.86886, -6.26293, -2.47643, 0, 0.24714, 0.144875, -0.436757, 
85592, 7.69514, -6.05696, -3.79129, 0, 0.10333, -0.0181094, -0.413321, 
85833, 7.56341, -5.90368, -3.60687, 0, -0.297208, -0.542217, -0.452736, 
86080, 7.33349, -5.56359, -2.8285, 0, 0.175768, -0.321709, -0.57311, 
86344, 6.6102, -4.9313, -2.33034, 0, 0.270576, -0.0170442, -0.727573, 
86624, 6.72516, -6.31801, -3.42725, 0, -0.190682, -0.559262, -1.03224, 
86888, 8.0472, -6.91437, -3.59969, 0, -0.3281, -1.00987, -0.919319, 
87140, 8.07355, -5.77914, -1.99743, 0, -0.585893, -0.900145, -0.747813, 
87397, 7.66161, -5.10614, -2.04772, 0, -0.665788, -0.911863, -0.513455, 
87681, 7.19698, -4.59122, -2.42374, 0, -0.520912, -0.948081, -0.194943, 
87975, 7.35026, -4.58643, -2.92669, 0, -0.173637, -0.944886, 0.579501, 
88222, 7.84842, -5.03908, -4.2176, 0, -0.435691, -1.23038, 0.698811, 
88474, 7.40055, -5.21871, -4.81874, 0, -0.624242, -1.72998, 0.971517, 
88717, 6.71558, -5.23547, -4.51697, 0, -0.856469, -2.09856, 0.949147, 
89002, 5.8917, -5.30253, -4.311, 0, -0.688158, -1.95156, 0.379233, 
89304, 6.36352, -4.91933, -4.62475, 0, -0.37071, -1.31986, 0.082025, 
89566, 6.72756, -5.35283, -5.13249, 0, -0.338753, -0.599741, -0.0255662, 
89814, 6.45213, -5.46539, -5.30732, 0, -0.442083, -0.294012, -0.140614, 
90069, 5.96116, -5.05345, -5.24745, 0, -0.672179, -0.331296, -0.134223, 
90357, 5.90128, -5.04866, -5.49892, 0, -0.79788, -0.437822, -0.207726, 
90630, 6.23179, -5.18278, -5.45581, 0, -0.974713, -0.338753, 0.00958734, 
90877, 6.26053, -5.6522, -5.30492, 0, -0.843686, -0.318513, 0.336622, 
91129, 6.91676, -5.99469, -6.38747, 0, -0.780836, -0.63596, 0.395211, 
91382, 6.36831, -4.59122, -7.14668, 0, -1.02265, -0.815989, 0.317447, 
91685, 4.57685, -4.16012, -7.21135, 0, -0.9843, -1.11639, 0.1012, 
91944, 5.18278, -3.89188, -6.63415, 0, -0.953408, -1.12278, -0.168311, 
92192, 5.269, -4.27747, -5.9396, 0, -0.92358, -1.01945, -0.281229, 
92438, 6.17192, -5.68094, -6.68924, 0, -0.399473, -0.974713, -0.12357, 
92711, 6.04259, -5.7983, -7.96817, 0, -0.188551, -0.983235, 0.134223, 
92999, 5.07501, -5.53006, -9.27823, 0, -0.324904, -1.30494, 0.526238, 
93275, 6.0378, -4.1673, -9.08903, 0, -1.14729, -1.567, 0.500672, 
93526, 5.06543, -3.16619, -6.37549, 0, -1.4626, -1.53717, 0.434626, 
93781, 5.3648, -4.34932, -5.96595, 0, -0.430365, -1.04502, 0.236488, 
94108, 5.45102, -4.88101, -7.96817, 0, 0.273772, -0.588024, 0.347275, 
94427, 4.74929, -4.74689, -10.3416, 0, -0.140614, -0.773379, 0.478302, 
94693, 3.77213, -3.48472, -10.5883, 0, -0.828772, -1.11533, 0.246075, 
94956, 2.6848, -3.46557, -8.39687, 0, -0.596546, -0.966191, 0.0394146, 
95203, 3.16619, -3.06321, -7.39337, 0, -0.14168, -0.711594, -0.117179, 
95479, 3.43443, -3.86793, -8.16695, 0, 0.0053263, -0.582697, -0.136353, 
95755, 3.69309, -3.8823, -8.42321, 0, -0.0521977, -0.439952, -0.12357, 
96015, 3.42006, -3.49431, -8.1454, 0, -0.308925, -0.502803, -0.1012, 
96265, 2.89795, -2.88837, -8.47351, 0, -0.594415, -0.821315, -0.105461, 
96545, 2.65366, -2.16269, -7.47719, 0, -0.502803, -0.824511, -0.0926776, 
96817, 2.76862, -2.61534, -7.48917, 0, -0.139549, -0.632764, -0.0798945, 
97119, 3.15901, -4.42836, -8.58368, 0, 0.333426, -0.276968, -0.0969387, 
97538, 3.08476, -3.89667, -10.3799, 0, 0.397342, -0.0521977, -0.0937429, 
97911, 2.52193, -2.98417, -10.7176, 0, -0.266315, -0.354732, -0.053263, 
98197, 2.50038, -3.86553, -10.0327, 0, -0.360058, -0.621047, -0.131027, 
98571, 3.0656, -3.7362, -8.88066, 0, -0.0415451, -0.286555, -0.250336, 
98973, 3.47994, -4.48823, -9.12974, 0, 0.561392, 0.242879, -0.360058, 
99310, 3.43683, -4.16969, -10.0422, 0, 0.588024, 0.480432, -0.425039, 
99598, 3.03686, -4.31579, -10.3464, 0, 0.333426, 0.255662, -0.347275, 
99892, 3.26199, -4.36848, -10.1045, 0, 0.441018, 0.12357, -0.219444, 
100214, 2.96501, -3.32426, -9.00999, 0, 0.576306, 0.168311, -0.14168, 
100497, 2.6824, -3.46796, -8.89024, 0, 0.472975, 0.0436757, -0.268446, 
100740, 2.6369, -4.03318, -9.22315, 0, 0.464453, -0.156593, -0.286555, 
100994, 2.85005, -3.55418, -9.08184, 0, -0.0298273, -0.41119, -0.26525, 
101274, 3.43922, -3.69549, -8.46393, 0, -0.30786, -0.496411, -0.311056, 
101572, 3.03207, -3.83679, -8.26515, 0, -0.252467, -0.527304, -0.142745, 
101828, 2.65127, -3.21649, -8.34897, 0, -0.683897, -0.793619, -0.0809598, 
102080, 2.83329, -3.53023, -7.47959, 0, -0.968321, -0.784031, -0.0458062, 
102323, 2.69677, -3.64519, -8.57889, 0, -1.15261, -0.876709, 0.0138484, 
102587, 2.32315, -3.19014, -10.162, 0, -1.62239, -1.21546, 0.1012, 
102866, 1.73398, -2.63929, -9.7716, 0, -2.14756, -1.52226, 0.20666, 
103127, 2.19622, -2.73749, -8.09031, 0, -1.15794, -2.13265, -0.149136, 
103375, 1.53759, -2.47164, -9.18722, 0, -0.708398, -2.08365, -0.0276968, 
103633, 0.20118, -2.73509, -11.2373, 0, -0.677505, -1.78431, 0.0958734, 
103927, -0.04311, -1.69566, -10.744, 0, -1.08976, -1.88658, 0.170442, 
104211, 0.318535, -1.2933, -10.3296, 0, -1.13983, -1.89297, 0.106526, 
104477, 1.18792, -1.90163, -9.25907, 0, -0.454866, -1.0333, -0.00639156, 
104725, 0.82867, -2.18424, -9.50097, 0, -0.0404799, -0.419712, -0.0415451, 
104984, -0.184415, -1.30288, -11.0841, 0, -0.269511, -0.51239, 0.0117179, 
105273, -0.34967, -0.46942, -9.49139, 0, -0.41119, -0.624242, -0.0798945, 
105550, -0.11975, -0.6706, -8.41124, 0, -0.574175, -0.276968, -0.237553, 
105799, 1.42263, 0.64665, -9.41475, 0, -1.59896, 0.873513, 0.0735029, 
106053, 0.56522, -1.93516, -9.69736, 0, -1.77898, 1.44982, 0.106526, 
106301, 1.7244, 1.70045, -10.9475, 0, 0.614655, -1.55848, -0.57311, 
106606, -0.629885, 1.59268, -11.2086, 0, -0.692419, -0.523043, -0.367515, 
106874, -0.12933, -1.14002, -10.8493, 0, -0.147006, 0.0916124, -0.272707, 
107138, -1.16876, -2.36387, -12.4109, 0, 0.0415451, -0.513455, -0.0948081, 
107390, -0.8622, -0.79035, -12.7534, 0, -0.624242, -0.618916, 0.147006, 
107683, -0.53648, -0.735265, -11.1296, 0, -0.710528, -0.933168, 0.186421, 
107984, -0.471815, -0.859805, -8.85431, 0, -0.381363, -0.704137, 0.165115, 
108253, -0.811905, -0.00479, -8.68667, 0, -0.0500672, -0.322774, 0.142745, 
108501, -1.56394, -0.088615, -10.0159, 0, 0.0117179, -0.410125, 0.155528, 
108765, -1.02506, -0.27782, -12.2265, 0, -0.380298, -0.876709, 0.187486, 
109029, -0.79993, -0.452655, -11.4721, 0, -0.610394, -1.11426, 0.235422, 
109329, -1.49448, -0.035925, -10.6985, 0, -0.57524, -1.00347, 0.219444, 
109595, -1.87529, 0.380805, -10.059, 0, -0.474041, -0.57311, 0.14381, 
109854, -1.71243, -0.237105, -9.37643, 0, -0.417582, -0.235422, 0.116113, 
110148, -1.90882, -0.237105, -9.99434, 0, -0.313186, -0.299338, 0.100134, 
110444, -1.32683, -0.17723, -11.2254, 0, -0.414386, -0.606133, 0.196008, 
110728, -2.19382, 0.390385, -10.8853, 0, -0.664722, -0.896949, 0.107591, 
110990, -2.10521, 0.479, -9.07705, 0, -0.661527, -0.610394, 0.0223705, 
111236, -2.53631, 0.01437, -8.67469, 0, -0.588024, -0.612525, 0.0458062, 
111485, -2.79976, -0.270635, -9.50815, 0, -0.534761, -0.706267, 0.154463, 
111763, -3.09434, 0.625095, -9.61114, 0, -0.508129, -0.728638, 0.447409, 
112056, -2.55546, 0.534085, -9.81711, 0, -0.45167, -0.627438, 0.406929, 
112306, -2.95543, 0.711315, -10.2051, 0, -0.291881, -0.263119, 0.416517, 
112567, -3.31229, 1.64536, -9.79555, 0, -0.169376, 0.0394146, 0.349405, 
112822, -4.30142, 2.85005, -10.5548, 0, -0.51239, -0.403734, 0.186421, 
113118, -4.15532, 2.51236, -10.2889, 0, -0.84049, -0.8586, 0.0681766, 
113387, -2.83808, 1.71961, -8.51423, 0, -0.751008, -0.649809, -0.1012, 
113637, -1.85613, 1.3891, -8.15019, 0, -0.721181, 0.0798945, -0.154463, 
113881, -2.55068, 0.979555, -9.91291, 0, -0.417582, -0.470845, -0.189616, 
114155, -2.42614, 1.02985, -9.82429, 0, -0.519847, -0.458062, -0.0916124, 
114498, -2.88358, 1.66453, -9.18243, 0, -0.396277, -0.387755, -0.0830903, 
114795, -3.20212, 1.54717, -9.41714, 0, -0.176833, -0.395211, -0.105461, 
115073, -3.58532, 1.19271, -9.77639, 0, -0.0841555, -0.355797, -0.100134, 
115348, -4.52416, 2.90514, -10.0518, 0, -0.358993, -0.768052, -0.117179, 
115645, -4.23197, 1.78188, -9.18004, 0, -0.137419, -0.486824, -0.201334, 
115960, -3.97331, 1.62142, -9.21117, 0, 0.126766, -0.00426104, -0.302534, 
116259, -4.40919, 1.99743, -9.92009, 0, -0.00958734, -0.0660461, -0.476171, 
116541, -4.21281, 2.19622, -9.49139, 0, -0.152332, -0.270576, -0.703072, 
116821, -3.87272, 1.77709, -8.58607, 0, -0.00639156, -0.205595, -0.834099, 
117125, -4.04755, 1.5831, -8.21725, 0, 0.0404799, -0.0351536, -0.791488, 
117433, -4.08587, 0.5269, -9.61353, 0, 0.188551, -0.110787, -0.623177, 
117714, -4.22238, 1.80583, -9.86501, 0, 0.150202, -0.319578, -0.653004, 
117989, -4.50739, 2.04772, -8.32023, 0, 0.311056, -0.246075, -0.811728, 
118259, -4.53374, 1.89924, -7.95619, 0, 0.500672, -0.00213052, -0.925711, 
118561, -4.12659, 0.658625, -9.39319, 0, 0.507064, 0.053263, -0.722246, 
118875, -4.39004, 0.352065, -9.86261, 0, 0.322774, -0.136353, -0.444213, 
119156, -4.63193, 2.2058, -9.55605, 0, -0.0937429, -0.394146, -0.45167, 
119433, -3.92541, 1.27414, -7.96338, 0, 0.0703072, -0.00426104, -0.485759, 
119717, -4.19365, 0.69934, -8.34658, 0, 0.266315, 0.173637, -0.476171, 
120067, -4.06432, 0.040715, -9.1034, 0, 0.493215, 0.254597, -0.324904, 
120366, -4.47625, -0.203575, -9.83148, 0, 0.597611, 0.189616, -0.108657, 
120646, -4.58403, 0.36404, -10.1524, 0, 0.276968, -0.0159789, 0.0521977, 
120931, -3.89906, 0.328115, -8.39447, 0, 0.382428, 0.332361, 0.0948081, 
121239, -4.14575, 0.270635, -8.87348, 0, 0.413321, 0.623177, 0.0298273, 
121563, -4.58643, 0.01916, -8.7657, 0, 0.558196, 1.16113, -0.104395, 
121856, -5.14446, -0.347275, -10.2937, 0, 0.834099, 1.19629, 0.0543283, 
122141, -5.53964, 0.883755, -9.87459, 0, 0.455931, 0.517716, 0.291881, 
122415, -4.46907, 1.53999, -9.4866, 0, -0.0703072, 0.269511, 0.782966, 
122762, -3.15901, 1.14002, -9.06747, 0, -0.321709, 0.467649, 0.761661, 
123068, -3.96373, -0.44068, -11.6181, 0, 0.128896, -0.0330231, 0.376037, 
123368, -3.54939, 0.486185, -10.368, 0, -0.00426104, -0.173637, 0.227966, 
123661, -3.02968, 0.883755, -10.0087, 0, -0.057524, -0.364319, 0.0298273, 
123938, -2.60337, 0.92447, -8.68906, 0, -0.117179, -0.0809598, -0.0607198, 
124239, -2.61534, -0.13891, -9.53689, 0, 0.120374, 0.12357, -0.0479367, 
124553, -3.68351, -0.634675, -10.2937, 0, 0.337687, 0.0628503, -0.00958734, 
124843, -4.82114, -0.064665, -10.9499, 0, 0.299338, -0.353666, 0.0117179, 
125124, -4.3589, 0.720895, -9.60635, 0, 0.0798945, -0.437822, -0.0340883, 
125409, -4.36848, 0.91489, -8.83276, 0, 0.153397, -0.238618, -0.215183, 
125720, -3.88948, 0.60354, -8.5717, 0, 0.295077, -0.00958734, -0.335557, 
126065, -3.86314, 0.203575, -9.02436, 0, 0.332361, 0.1012, -0.322774, 
126343, -4.27507, -0.16286, -9.52971, 0, 0.327035, 0.0681766, -0.290816, 
126625, -4.19604, -0.457445, -9.5345, 0, 0.280163, 0.140614, -0.20666, 
126913, -3.51586, -0.53648, -9.18482, 0, 0.306795, 0.202399, -0.100134, 
127230, -3.80087, 0.24429, -10.0853, 0, 0.223705, 0.0234357, -0.119309, 
127533, -3.9757, -0.198785, -9.79555, 0, 0.295077, 0.0191747, -0.132092, 
127806, -3.69788, -0.80472, -9.11058, 0, 0.381363, 0.28762, -0.0138484, 
128085, -3.58771, -1.10409, -8.65074, 0, 0.549674, 0.592285, 0.1012, 
128400, -3.4512, -0.43589, -9.12974, 0, 0.614655, 0.814924, -0.0138484, 
128723, -2.59618, -1.03943, -9.06029, 0, 1.02798, 1.58298, -0.254597, 
128997, -1.88487, -2.33273, -8.71541, 0, 2.04956, 2.68872, -0.546478, 
129269, -2.36626, -2.28483, -10.7009, 0, 2.26687, 2.94651, -0.65407, 
129546, -1.70764, -2.80694, -10.7152, 0, 2.33398, 3.28207, -0.617851, 
129856, -1.55675, -3.00094, -11.5511, 0, 2.70576, 3.34705, -0.517716, 
130178, -2.31836, -2.09323, -12.5642, 0, 2.6738, 2.72813, -0.621047, 
130458, -1.98067, -1.66213, -11.5559, 0, 2.29883, 2.25196, -0.646613, 
130735, -0.98195, -2.42374, -9.54887, 0, 1.84077, 1.91747, -0.499607, 
131036, 0.328115, -3.45838, -7.69274, 0, 1.62985, 2.00375, -0.159789, 
131313, 3.19732, -4.9816, -7.7598, 0, 1.14835, 2.1188, -0.0159789, 
131587, 3.10871, -5.69531, -8.26275, 0, 1.15474, 1.86314, -0.107591, 
131834, 2.23933, -5.74082, -10.0327, 0, 1.27192, 1.27831, 0.0671114, 
132089, 1.49688, -4.74449, -9.83148, 0, 1.1132, 0.960865, 0.169376, 
132352, 1.6286, -4.3613, -8.82318, 0, 0.890557, 0.992822, 0.0213052, 
132654, 1.97588, -4.76845, -7.89871, 0, 0.971517, 1.24955, -0.118244, 
132920, 2.54828, -5.53485, -7.5227, 0, 1.38377, 1.60641, -0.351536, 
133197, 3.08716, -5.42228, -6.77306, 0, 1.88018, 1.92706, -0.63596, 
133451, 3.42485, -6.76109, -7.30475, 0, 2.33505, 1.89829, -0.756335, 
133719, 3.72662, -6.50003, -7.99212, 0, 1.96754, 1.49882, -0.77977, 
134005, 4.03318, -6.84012, -7.19458, 0, 1.55315, 1.1132, -0.643417, 
134283, 4.56966, -6.8521, -5.84859, 0, 1.39229, 1.10894, -0.588024, 
134559, 5.30972, -6.69163, -5.05105, 0, 1.68418, 1.53184, -0.748878, 
134816, 5.16841, -6.87365, -5.19955, 0, 2.20722, 1.91534, -0.916124, 
135106, 4.82593, -5.71208, -5.57796, 0, 2.02825, 2.01228, -1.19096, 
135411, 5.55879, -6.74911, -4.61996, 0, 1.9441, 2.06021, -1.36247, 
135662, 6.02822, -7.77417, -4.49781, 0, 1.86101, 1.94303, -1.20268, 
135919, 5.9875, -7.87955, -3.47036, 0, 1.51054, 1.85568, -0.830903, 
136166, 5.91805, -7.61371, -2.52673, 0, 1.36034, 1.82373, -0.63596, 
136449, 5.82464, -6.97664, -2.90753, 0, 1.34223, 1.65222, -0.608263, 
136725, 6.15515, -7.07483, -3.14943, 0, 1.25488, 1.50734, -0.551805, 
136982, 6.5168, -6.84491, -2.90753, 0, 0.917189, 1.38271, -0.45167, 
137228, 6.80899, -6.55033, -1.76033, 0, 0.596546, 1.3614, -0.416517, 
137486, 6.78743, -6.85928, -0.591565, 0, 0.637025, 1.58617, -0.395211, 
137760, 6.90479, -7.12992, -0.57001, 0, 0.942755, 1.7907, -0.464453, 
138041, 6.50722, -6.38747, -1.62142, 0, 1.19842, 1.57019, -0.406929, 
138291, 6.65331, -6.21263, -1.7268, 0, 1.12598, 1.2144, -0.371776, 
138541, 6.57667, -6.20545, -0.438285, 0, 0.934233, 1.19842, -0.398407, 
138795, 7.32152, -6.70121, 0.80951, 0, 1.04182, 1.48817, -0.435691, 
139095, 7.49635, -6.72277, 0.984345, 0, 1.23357, 1.71187, -0.382428, 
139361, 7.32152, -7.05567, 1.64058, 0, 1.50095, 1.92279, -0.322774, 
139615, 7.45085, -6.33957, 2.1579, 0, 1.69163, 1.83864, -0.299338, 
139862, 7.10118, -5.31451, 2.74227, 0, 1.85249, 1.70655, -0.526238, 
140132, 6.95508, -5.15644, 2.61774, 0, 1.6405, 1.50202, -0.806402, 
140414, 7.41013, -6.01864, 3.55179, 0, 1.54356, 1.58617, -0.763791, 
140681, 7.55383, -6.23179, 3.91583, 0, 1.48497, 1.86314, -0.507064, 
140923, 7.30954, -6.01864, 3.67154, 0, 1.2357, 1.87699, -0.275902, 
141185, 6.62218, -5.47258, 3.92301, 0, 1.05993, 1.73318, -0.178964, 
141455, 6.01384, -4.57924, 3.88948, 0, 0.682832, 1.42851, -0.127831, 
141764, 6.14318, -5.18278, 4.54571, 0, 0.592285, 1.2357, -0.119309, 
142071, 5.85099, -5.29774, 5.18278, 0, 0.869252, 1.07485, -0.0713724, 
142331, 5.80309, -5.14207, 5.29056, 0, 1.10681, 1.22079, -0.0649809, 
142576, 5.92523, -4.42836, 5.10374, 0, 0.983235, 1.45301, -0.0223705, 
142858, 5.53485, -3.62364, 5.29774, 0, 0.662592, 1.40188, -0.148071, 
143137, 5.34325, -4.25592, 5.66178, 0, 0.751008, 1.19735, -0.279098, 
143435, 5.03668, -4.05953, 5.748, 0, 0.835164, 0.879905, -0.30786, 
143695, 5.30253, -4.06911, 6.20784, 0, 0.755269, 0.715855, -0.438887, 
143947, 5.39594, -3.78171, 6.67487, 0, 0.738225, 0.740356, -0.547544, 
144219, 5.38396, -3.79129, 6.95748, 0, 0.806402, 0.90121, -0.509194, 
144509, 5.48216, -3.6428, 7.05567, 0, 0.852208, 1.01626, -0.350471, 
144753, 5.19955, -2.88598, 6.93353, 0, 0.808532, 1.05035, -0.294012, 
145001, 4.75168, -2.85484, 7.34307, 0, 0.891623, 1.07591, -0.374972, 
145300, 5.08698, -3.38174, 7.89632, 0, 1.02798, 1.1899, -0.450605, 
145582, 4.89299, -3.27876, 8.02085, 0, 1.17072, 1.30707, -0.355797, 
145863, 4.43554, -2.76862, 7.82447, 0, 1.29962, 1.4413, -0.363254, 
146120, 4.18646, -2.52433, 7.82207, 0, 1.34542, 1.59469, -0.3281, 
146365, 3.9781, -2.17706, 8.44238, 0, 1.37525, 1.68311, -0.364319, 
146622, 3.65477, -1.99504, 8.95969, 0, 1.63517, 1.70016, -0.461258, 
146920, 3.41288, -1.87768, 9.01957, 0, 1.71933, 1.68631, -0.553935, 
147191, 3.27876, -1.23822, 8.73696, 0, 1.51054, 1.70229, -0.651939, 
147435, 2.65605, -0.074245, 8.92377, 0, 1.12172, 1.4871, -0.550739, 
147764, 2.70156, -0.567615, 9.29979, 0, 1.03437, 1.45941, -0.397342, 
148077, 2.40698, -0.53169, 9.57281, 0, 0.994953, 1.60215, -0.272707, 
148389, 1.90403, -0.12454, 9.94883, 0, 1.00134, 1.65648, -0.205595, 
148660, 1.61663, -0.02874, 9.69975, 0, 1.02052, 1.61493, -0.172572, 
148906, 1.09212, 0.2395, 9.84105, 0, 0.939559, 1.57658, -0.315317, 
149154, 0.395175, 1.02267, 9.74286, 0, 0.888427, 1.4871, -0.481498, 
149433, 0.27303, 0.80472, 10.1572, 0, 1.06952, 1.62772, -0.318513, 
149717, 0.22034, 0.649045, 10.1237, 0, 1.38697, 1.92066, 0.0458062, 
149995, 0.10059, 1.08494, 9.13693, 0, 1.4168, 1.93984, 0.160854, 
150243, -0.25866, 1.37473, 8.67948, 0, 1.14196, 1.59789, -0.0724377, 
150499, -0.79514, 1.64776, 8.49267, 0, 0.822381, 1.17179, -0.185355, 
150770, -0.99632, 1.25977, 8.99323, 0, 0.631699, 0.912928, -0.158724, 
151063, -1.16397, 1.73638, 8.8112, 0, 0.467649, 0.763791, -0.00852208, 
151313, -1.51843, 2.11478, 8.49986, 0, 0.402668, 0.677505, -0.00426104, 
151567, -1.71482, 2.75186, 8.35855, 0, 0.416517, 0.681766, -0.12144, 
151814, -1.77949, 2.39021, 8.71541, 0, 0.531565, 0.758465, -0.140614, 
152189, -1.8681, 2.27046, 8.69625, 0, 0.329165, 0.647678, -0.128896, 
152559, -1.99504, 1.89445, 9.06987, 0, 0.196008, 0.515586, -0.131027, 
152822, -2.28962, 2.18664, 9.22075, 0, 0.266315, 0.483628, -0.0553935, 
153074, -2.42374, 2.43093, 9.6303, 0, 0.600807, 0.704137, -0.0362188, 
153335, -2.47404, 2.52433, 9.52252, 0, 0.935298, 0.975778, 0.0809598, 
153610, -2.50757, 2.42614, 8.73457, 0, 1.09509, 0.98217, 0.0862861, 
153901, -2.65845, 2.68001, 8.38969, 0, 0.934233, 0.795749, 0.0404799, 
154151, -2.9219, 3.4009, 8.41843, 0, 0.670049, 0.729703, -0.0436757, 
154404, -2.91472, 3.43922, 8.26275, 0, 0.688158, 0.908667, -0.0106526, 
154679, -2.94825, 3.28834, 8.06876, 0, 0.827707, 1.05887, 0.00639156, 
154988, -3.32905, 3.77931, 7.43169, 0, 0.850078, 0.997083, -0.0308925, 
155242, -3.41048, 3.70507, 7.56102, 0, 1.00028, 1.00987, -0.0426104, 
155491, -3.68351, 3.85595, 7.58976, 0, 1.06526, 1.13024, -0.0404799, 
155735, -3.70028, 4.00683, 7.04609, 0, 1.08976, 1.27405, 0.0458062, 
155996, -3.65477, 4.1194, 6.5144, 0, 0.92358, 1.22931, 0.18429, 
156340, -4.68941, 5.02711, 6.07133, 0, 0.491085, 0.846882, 0.0809598, 
156649, -4.80677, 4.65109, 6.95748, 0, 0.420778, 0.585893, 0.0436757, 
156893, -4.85467, 4.17688, 8.40645, 0, 0.766987, 0.747813, 0.22477, 
157159, -5.06543, 4.77563, 8.53339, 0, 1.22505, 1.11639, 0.536891, 
157430, -4.54331, 5.05345, 7.43169, 0, 1.46473, 1.41786, 0.700941, 
157734, -4.18886, 5.16602, 6.15755, 0, 1.57552, 1.42638, 0.590154, 
157985, -5.88691, 5.93481, 5.03908, 0, 2.27753, 0.730768, 0.355797, 
158285, -6.14797, 7.04609, 4.41878, 0, 2.16674, -0.140614, 0.346209, 
158543, -4.74449, 6.33717, 4.65109, 0, 1.67778, -0.286555, 0.459127, 
158818, -4.44273, 7.75262, 5.95876, 0, 0.969387, 0.350471, 0.540087, 
159095, -4.23436, 7.02693, 5.13009, 0, 0.622112, 0.660461, 0.606133, 
159350, -4.63193, 6.2294, 5.20913, 0, 0.904406, 0.543283, 0.596546, 
159588, -4.8403, 6.74193, 5.11811, 0, 1.13663, 0.547544, 0.558196, 
159840, -4.77803, 7.19937, 4.98399, 0, 0.993888, 0.730768, 0.598676, 
160109, -5.00555, 7.35026, 4.43075, 0, 0.632764, 0.540087, 0.57524, 
160408, -5.30253, 7.87237, 3.74339, 0, 0.203465, 0.0916124, 0.51239, 
160662, -5.46539, 7.8101, 3.9302, 0, -0.0362188, -0.194943, 0.597611, 
160913, -4.34693, 7.0892, 4.36848, 0, 0.0798945, 0.0404799, 0.782966, 
161196, -4.15054, 7.19698, 4.35172, 0, 0.0159789, 0.138484, 0.879905, 
161470, -4.29184, 7.94182, 4.03079, 0, -0.0756335, -0.00852208, 0.870317, 
161762, -4.24873, 7.91308, 3.80805, 0, -0.217313, -0.217313, 1.00134, 
162012, -3.85356, 7.68795, 3.99247, 0, -0.496411, -0.332361, 1.0855, 
162261, -4.03797, 7.92266, 3.95175, 0, -0.863926, -0.484693, 0.977909, 
162516, -3.53263, 7.74304, 3.92541, 0, -1.09935, -0.521977, 0.842621, 
162804, -3.22128, 7.78615, 4.24394, 0, -1.4168, -0.53263, 0.604002, 
163056, -3.27157, 7.9059, 4.88341, 0, -1.64796, -0.384559, 0.581632, 
163306, -2.91472, 8.02565, 5.66418, 0, -1.63517, -0.418647, 0.977909, 
163557, -3.00333, 7.43169, 5.8941, 0, -1.49989, -0.557131, 1.09935, 
163819, -2.69917, 7.29996, 6.09049, 0, -1.33371, -0.421843, 0.831968, 
164100, -2.5411, 6.70361, 6.6581, 0, -1.09083, -0.186421, 0.776575, 
164360, -2.31836, 6.52398, 7.16824, 0, -0.713724, -0.0649809, 0.898014, 
164607, -2.27286, 6.6557, 6.57907, 0, -0.405864, -0.0798945, 0.82025, 
164862, -1.94474, 6.86168, 5.90847, 0, -0.166181, -0.170442, 0.717985, 
165138, -1.91361, 6.59583, 5.56598, 0, 0.0639156, -0.318513, 0.684962, 
165428, -1.84415, 7.07483, 5.9875, 0, 0.150202, -0.314252, 0.625308, 
165678, -1.89924, 6.80659, 7.24488, 0, 0.403734, 0.0170442, 0.580567, 
165935, -1.32683, 7.14668, 7.01256, 0, 0.387755, 0.282294, 0.402668, 
166184, -1.43221, 6.9958, 5.78393, 0, 0.355797, 0.243945, 0.260989, 
166457, -1.34599, 7.02693, 5.63065, 0, 0.26738, 0.0234357, 0.269511, 
166759, -1.05859, 7.20656, 6.24856, 0, 0.413321, -0.0053263, 0.386689, 
167013, -1.30767, 7.17063, 6.38986, 0, 0.499607, -0.00958734, 0.452736, 
167263, -1.36515, 7.22332, 6.01624, 0, 0.455931, 0.082025, 0.46978, 
167540, -1.37234, 6.8976, 6.5647, 0, 0.340883, 0.14381, 0.562457, 
167823, -1.26456, 7.20416, 6.27969, 0, 0.284424, 0.221574, 0.591219, 
168118, -1.1472, 7.49156, 5.86536, 0, 0.360058, 0.182159, 0.658331, 
168366, -1.07296, 7.86997, 5.54682, 0, 0.444213, 0.0852208, 0.625308, 
168619, -0.98674, 7.99451, 5.97313, 0, 0.520912, 0.158724, 0.502803, 
168873, -0.76161, 7.65921, 6.25335, 0, 0.6562, 0.371776, 0.520912, 
169152, -0.711315, 8.11187, 6.20305, 0, 0.769118, 0.566718, 0.602937, 
169433, -0.869385, 8.23641, 5.86775, 0, 0.899079, 0.662592, 0.434626, 
169681, -0.9101, 8.25078, 5.20913, 0, 0.938494, 0.503868, 0.274837, 
169949, -0.55085, 8.20288, 4.38525, 0, 0.989627, 0.323839, 0.0937429, 
170210, -0.304165, 8.1909, 3.24762, 0, 1.00774, 0.208791, -0.239684, 
170506, -0.58917, 8.34418, 2.72791, 0, 0.8586, 0.0980039, -0.405864, 
170767, -0.81909, 7.98493, 4.01402, 0, 0.450605, -0.0394146, -0.182159, 
171015, -1.42742, 8.14779, 5.39115, 0, 0.381363, 0.0809598, -0.132092, 
171265, -1.50646, 8.81839, 5.52766, 0, 0.501737, 0.327035, -0.233292, 
171530, -1.4873, 9.15609, 4.92891, 0, 0.833033, 0.535826, -0.220509, 
171816, -1.07536, 8.25557, 4.66546, 0, 1.03969, 0.527304, 0.0479367, 
172077, -1.47053, 8.65793, 4.6966, 0, 1.15368, 0.657265, 0.276968, 
172315, -1.58789, 9.14172, 4.38764, 0, 1.25488, 0.755269, 0.314252, 
172571, -0.958, 9.08663, 3.9757, 0, 1.59682, 0.92358, 0.162985, 
172838, -0.840645, 9.19441, 3.10632, 0, 2.06341, 1.17285, 0.135288, 
173126, -0.869385, 9.12495, 2.28004, 0, 2.1742, 1.04928, 0.242879, 
173378, -1.19271, 9.61114, 1.90163, 0, 2.17846, 1.16433, 0.189616, 
173624, -1.15918, 9.46983, 1.73877, 0, 2.30629, 1.25807, 0.0830903, 
173931, -1.38431, 9.29979, 1.1496, 0, 2.46182, 1.19629, 0.115048, 
174229, -1.19032, 9.22075, 0.672995, 0, 2.66422, 1.22824, 0.110787, 
174506, -1.44898, 9.16327, -0.35925, 0, 2.47034, 1.31027, 0.128896, 
174764, -0.44068, 9.59437, -1.28132, 0, 1.7694, 1.45834, 0.249271, 
175012, -1.44179, 9.35008, -1.11367, 0, 1.33477, 1.38164, 0.221574, 
175293, -1.59028, 8.91658, -0.92926, 0, 1.38271, 1.08657, 0.166181, 
175587, -1.44898, 9.44588, -1.73638, 0, 1.47645, 1.01306, 0.0479367, 
175898, -1.07536, 10.1692, -2.21777, 0, 1.50415, 1.15581, 0.0106526, 
176184, -0.759215, 9.70933, -1.88487, 0, 1.38164, 1.19522, 0.0990692, 
176465, -0.77598, 9.35248, -1.60705, 0, 1.32625, 1.42106, -0.0127831, 
176748, -1.0035, 9.08663, -2.4429, 0, 1.50095, 1.60215, -0.0394146, 
177048, -1.20469, 9.15369, -3.48233, 0, 1.75874, 1.62346, -0.140614, 
177350, -1.16397, 9.14651, -4.10743, 0, 1.95688, 1.35181, -0.316382, 
177628, -0.783165, 8.61003, -3.98768, 0, 1.81414, 0.896949, -0.478302, 
177901, -0.682575, 8.92138, -3.64759, 0, 1.40934, 1.09722, -0.299338, 
178197, -0.251475, 8.96449, -4.03318, 0, 0.993888, 1.41893, -0.0884166, 
178506, -0.764005, 9.774, -5.05105, 0, 0.893753, 1.25807, -0.316382, 
178798, -1.53041, 9.11537, -5.30972, 0, 1.35288, 1.01732, -0.561392, 
179068, -0.567615, 8.69864, -4.64391, 0, 1.45621, 1.09083, 0.0841555, 
179349, -0.21555, 8.41843, -5.47737, 0, 1.56913, 0.917189, 0.0447409, 
179646, -0.064665, 8.96449, -6.77785, 0, 1.42532, 0.543283, -0.220509, 
179960, 1.23822, 7.60652, -7.45803, 0, 1.23677, 0.891623, -0.246075, 
180242, 0.232315, 7.74064, -7.60652, 0, 0.472975, 1.26872, -0.439952, 
180519, 0.423915, 7.83405, -6.0378, 0, 0.281229, 1.35927, -0.493215, 
180811, -0.29219, 6.4665, -5.49173, 0, 0.646613, 1.06846, -0.632764, 
181122, -0.711315, 7.09399, -5.99229, 0, 0.733964, 0.582697, -0.168311, 
181441, -0.241895, 7.96577, -7.76459, 0, 0.684962, 0.437822, -0.170442, 
181725, 0.328115, 8.44717, -7.69514, 0, 0.397342, 0.535826, -0.257793, 
182007, 1.03225, 6.40902, -7.83165, 0, 0.194943, 0.866056, -0.49215, 
182282, 0.423915, 7.28559, -6.75151, 0, 0.100134, 1.33584, -0.813859, 
182584, 0.52211, 8.10229, -6.65092, 0, 0.585893, 1.75342, -1.32625, 
182909, 0.54606, 6.9, -7.34786, 0, 0.618916, 1.7662, -1.58085, 
183180, -0.031135, 8.13582, -7.2353, 0, 0.464453, 1.45301, -1.62346, 
183464, 0.17723, 8.47591, -6.96466, 0, 0.700941, 1.12172, -1.60215, 
183756, 0.740055, 7.28799, -7.95619, 0, 0.385624, 0.576306, -1.47965, 
184075, 0.45026, 6.95269, -7.32391, 0, 0.270576, -0.102265, -1.56061, 
184366, 0.25387, 6.50482, -7.23769, 0, 0.30786, -0.600807, -1.86314, 
184634, -0.43589, 6.40902, -7.03891, 0, 0.407995, -0.853273, -2.22107, 
184914, -1.88487, 6.36591, -7.15147, 0, 0.519847, -1.14729, -2.28392, 
185208, -2.28483, 6.58625, -6.87365, 0, 0.679636, -1.2144, -2.0485, 
185519, -2.80455, 6.75869, -7.02933, 0, 0.798945, -1.15794, -1.56593, 
185801, -2.79497, 6.87605, -7.71909, 0, 0.713724, -0.780836, -1.18457, 
186076, -2.43093, 6.78264, -7.60892, 0, 0.366449, -0.239684, -1.2112, 
186358, -3.04644, 5.93002, -7.25206, 0, 0.280163, -0.0830903, -1.48497, 
186654, -3.55418, 5.75519, -7.14429, 0, 0.547544, 0.0607198, -1.81201, 
186970, -3.89906, 5.24026, -7.44366, 0, 0.543283, 0.0276968, -1.60428, 
187249, -3.79368, 4.87622, -7.25206, 0, 0.466584, -0.0426104, -1.42212, 
187559, -4.03797, 5.49892, -7.53467, 0, 0.498542, 0.0362188, -1.52865, 
187860, -4.6942, 5.65939, -8.03762, 0, 0.46978, -0.0170442, -1.616, 
188178, -4.96484, 4.83551, -7.15147, 0, 0.369645, -0.112918, -1.26446, 
188482, -4.8403, 4.47386, -7.59215, 0, 0.258858, -0.296142, -1.01519, 
188761, -4.43075, 4.59122, -7.67598, 0, 0.202399, -0.207726, -1.01839, 
189042, -4.66306, 4.3134, -7.72627, 0, 0.363254, 0.0191747, -0.792553, 
189340, -5.35043, 4.21999, -7.99212, 0, 0.491085, -0.0894818, -0.486824, 
189641, -5.36001, 4.05474, -7.80531, 0, 0.545413, -0.591219, -0.412256, 
189928, -4.49542, 3.81045, -7.64963, 0, 0.464453, -0.817054, -0.576306, 
190196, -4.66306, 3.24044, -7.71909, 0, 0.395211, -0.466584, -0.776575, 
190505, -5.08698, 3.88709, -7.94422, 0, 0.220509, -0.16405, -0.917189, 
190855, -5.76716, 3.90864, -7.49156, 0, 0.106526, -0.236488, -0.8586, 
191174, -5.84141, 3.76973, -8.27472, 0, -0.00426104, 0.119309, -1.04289, 
191462, -5.66418, 4.10982, -8.22683, 0, 0.468714, -0.281229, -1.01945, 
191740, -6.63415, 3.90146, -8.18132, 0, 0.558196, -0.906536, -0.866056, 
192020, -6.30125, 3.44401, -8.11666, 0, 0.505998, -1.14089, -0.821315, 
192320, -5.96595, 3.18296, -7.858, 0, 0.425039, -1.15048, -1.10574, 
192630, -6.49285, 3.53263, -8.16216, 0, 0.30786, -1.21333, -1.09083, 
192908, -6.55751, 2.68958, -7.05328, 0, 0.108657, -1.08017, -0.970452, 
193175, -6.84012, 4.06192, -7.858, 0, -0.266315, -0.404799, -0.500672, 
193461, -6.18868, 2.92669, -7.73106, 0, -0.602937, 0.3281, -0.258858, 
193767, -6.1312, 2.36865, -7.00059, 0, -0.972582, 0.687093, -0.294012, 
194071, -6.96706, 1.85613, -8.05678, 0, -0.222639, -0.182159, -0.566718, 
194350, -6.59104, 1.72201, -6.94071, 0, 0.133158, -0.483628, -0.57311, 
194628, -6.23658, 2.22496, -7.06046, 0, 0.44954, -0.788292, -0.98217, 
194932, -6.55272, 2.49559, -7.01256, 0, 0.327035, -0.771248, -1.05141, 
195241, -6.60781, 2.27046, -6.86886, 0, -0.196008, -0.39095, -1.04715, 
195522, -6.8521, 1.95672, -6.91916, 0, -0.668983, -0.208791, -1.32625, 
195784, -6.52158, 1.69566, -6.9479, 0, -0.96193, -0.0415451, -1.40721, 
196068, -6.63655, 1.40587, -6.53117, 0, -1.03969, 0.133158, -1.40082, 
196371, -7.19458, 0.821485, -6.64613, 0, -0.991757, -0.0468714, -1.32092, 
196682, -6.86407, 0.443075, -6.80899, 0, -0.667918, -0.569914, -1.46793, 
196971, -7.1874, 0.45026, -6.15515, 0, -0.105461, -0.819185, -1.64902, 
197253, -8.59566, 0.931655, -6.65331, 0, 0.266315, -0.989627, -1.37419, 
197540, -8.62919, 1.15679, -6.66289, 0, 0.280163, -1.11213, -1.09402, 
197843, -7.95859, 1.26935, -6.34436, 0, 0.255662, -1.2357, -1.26659, 
198154, -8.05918, 0.706525, -6.31801, 0, 0.132092, -1.33264, -1.38164, 
198427, -7.81489, 0.1437, -5.51808, 0, 0.221574, -1.31347, -1.42638, 
198701, -8.07594, -0.083825, -5.48934, 0, 0.379233, -1.27086, -1.36353, 
198984, -9.15848, -0.634675, -5.44144, 0, 0.183225, -1.29749, -1.1132, 
199291, -8.89743, -0.86699, -5.01513, 0, 0.053263, -1.25488, -1.03969, 
199606, -8.82079, -0.69934, -4.67983, 0, 0.0788292, -1.1622, -1.03117, 
199910, -8.7657, -0.682575, -4.596, 0, 0.191747, -1.17711, -1.1899, 
200214, -9.0076, -1.26456, -4.58163, 0, 0.10333, -1.19735, -1.05461, 
200523, -8.70343, -1.5807, -4.36848, 0, -0.174703, -1.20268, -0.579501, 
200836, -7.96817, -2.00462, -3.37216, 0, 0.077764, -1.10148, -0.400538, 
201163, -9.7213, -0.950815, -4.28226, 0, 0.105461, -1.29536, -0.637025, 
201446, -9.69975, -1.43221, -3.69549, 0, 0.214117, -1.43384, -0.922515, 
201748, -10.3344, -1.64536, -2.99136, 0, 0.379233, -1.45088, -1.27938, 
202072, -10.3057, -2.19861, -3.03207, 0, 0.215183, -1.2112, -0.884166, 
202390, -9.65904, -2.33512, -2.50996, 0, 0.171507, -0.922515, -0.884166, 
202678, -9.75244, -2.48601, -2.63929, 0, 0.0351536, -0.965126, -0.924646, 
202956, -7.85321, -2.98178, -1.97827, 0, 0.0830903, -0.981104, -0.994953, 
203232, -8.42561, -2.98417, -2.11239, 0, -0.00213052, -1.36247, -1.26553, 
203531, -8.99323, -3.98049, -1.37713, 0, -0.0735029, -1.18457, -0.96406, 
203839, -10.1907, -4.2631, -1.44898, 0, -0.393081, -0.947016, -0.241814, 
204120, -8.88066, -3.87272, -0.620305, 0, -0.298273, -1.01945, -0.401603, 
204400, -8.88545, -3.32905, -1.30288, 0, -0.273772, -1.47432, -1.03437, 
204686, -8.87108, -3.29792, -0.246685, 0, 0.296142, -1.5425, -1.5148, 
204982, -9.51055, -3.67393, -0.62749, 0, 0.335557, -1.39869, -1.25168, 
205292, -8.83755, -4.10503, -0.644255, 0, 0.0628503, -1.12065, -0.715855, 
205569, -8.29628, -4.42596, -0.11017, 0, -0.208791, -0.981104, -0.372841, 
205847, -8.51902, -4.55769, 0.45505, 0, -0.0713724, -0.992822, -0.686027, 
206148, -8.98604, -3.88709, 0.13891, 0, 0.0319578, -1.06313, -1.012, 
206458, -8.45675, -4.8858, 0.419125, 0, 0.077764, -0.86073, -0.675375, 
206748, -8.32502, -5.04866, 0.46463, 0, -0.185355, -0.813859, -0.199204, 
207038, -7.93224, -5.23068, 1.30767, 0, -0.082025, -0.708398, -0.12144, 
207373, -9.36205, -4.72294, 0.740055, 0, -0.0127831, -0.728638, -0.3281, 
207687, -8.59087, -4.49062, 1.0059, 0, 0.132092, -0.80001, -0.556066, 
208001, -7.76699, -5.00316, 1.19032, 0, 0.157658, -0.876709, -0.541152, 
208279, -8.10229, -5.43904, 1.36036, 0, 0.0671114, -0.77764, -0.273772, 
208547, -8.23641, -5.84141, 2.63929, 0, 0.480432, -0.488954, -0.134223, 
208843, -8.05199, -4.13377, 1.42982, 0, 0.339818, -0.236488, -0.0500672, 
209156, -8.08552, -4.84987, 1.36755, 0, 0.24501, -0.174703, -0.0213052, 
209472, -8.13582, -5.04866, 1.52322, 0, 0.172572, -0.367515, 0.0543283, 
209757, -7.79573, -5.46539, 1.98067, 0, 0.200269, -0.515586, -0.0980039, 
210035, -8.02565, -5.44863, 1.98067, 0, 0.192812, -0.73929, -0.393081, 
210321, -7.86997, -5.37198, 2.65127, 0, 0.207726, -0.658331, -0.499607, 
210617, -7.87476, -5.23068, 2.21538, 0, -0.0436757, -0.418647, -0.318513, 
210935, -7.52509, -5.31451, 2.18424, 0, -0.210921, -0.405864, -0.2269, 
211214, -7.60892, -5.42228, 2.32555, 0, -0.321709, -0.509194, -0.373906, 
211495, -7.99451, -5.6043, 2.56026, 0, -0.4293, -0.590154, -0.579501, 
211797, -8.01128, -5.7456, 2.67761, 0, -0.401603, -0.621047, -0.553935, 
212136, -7.64484, -5.86775, 2.66085, 0, -0.362188, -0.601872, -0.470845, 
212437, -7.2808, -5.748, 2.41177, 0, -0.387755, -0.703072, -0.462323, 
212709, -7.49396, -5.28337, 1.96151, 0, -0.599741, -0.992822, -0.630634, 
212993, -7.63766, -5.16362, 2.04294, 0, -0.905471, -1.07591, -0.660461, 
213295, -6.86168, -6.11444, 3.36737, 0, -0.482563, -0.82025, -0.511325, 
213604, -6.85689, -6.24377, 2.31597, 0, -0.363254, -0.830903, -0.505998, 
213883, -6.38986, -6.07372, 2.56265, 0, -0.482563, -0.987496, -0.543283, 
214154, -6.1815, -6.12881, 2.40218, 0, -0.582697, -1.16113, -0.659396, 
214429, -6.07851, -6.46171, 3.29552, 0, -0.362188, -1.29962, -0.870317, 
214720, -6.54314, -6.41621, 2.99136, 0, -0.220509, -1.47219, -0.798945, 
215033, -5.87254, -6.58146, 2.96022, 0, -0.222639, -1.55634, -0.90121, 
215314, -5.88691, -6.50003, 3.17577, 0, -0.173637, -1.78218, -0.900145, 
215592, -7.0892, -6.8976, 3.4033, 0, -0.0479367, -1.82159, -0.545413, 
215903, -5.48455, -6.69882, 3.50628, 0, 0.196008, -1.87592, -0.464453, 
216213, -5.28337, -5.93721, 3.0201, 0, 0.454866, -1.86101, -0.528369, 
216524, -5.12051, -5.92044, 4.13856, 0, 0.435691, -1.6192, -0.616786, 
216802, -4.03079, -7.49875, 4.49542, 0, 0.210921, -1.62878, -0.81812, 
217078, -3.70507, -7.56581, 4.65828, 0, 0.0809598, -1.80029, -0.956604, 
217410, -4.18407, -7.78615, 5.26182, 0, 0.12144, -1.72253, -0.695615, 
217702, -3.60687, -8.06876, 5.47497, 0, 0.173637, -1.40508, -0.256728, 
218005, -2.8261, -7.90829, 5.55161, 0, 0.0937429, -1.07911, -0.0564588, 
218281, -2.4932, -8.0472, 5.48216, 0, -0.0415451, -0.947016, -0.0596546, 
218566, -2.57463, -7.41013, 5.22589, 0, -0.194943, -1.00347, -0.196008, 
218864, -2.44051, -7.97775, 5.34804, 0, -0.100134, -0.708398, -0.139549, 
219174, -2.4932, -7.34068, 5.1756, 0, -0.0607198, -0.366449, 0.129962, 
219458, -2.50278, -7.0413, 4.95765, 0, 0.0149136, -0.282294, 0.22477, 
219732, -2.07886, -6.96466, 4.59122, 0, -0.0298273, -0.263119, 0.118244, 
220008, -1.86092, -7.06286, 4.3613, 0, -0.18429, -0.606133, -0.0735029, 
220314, -2.09084, -7.1371, 4.60319, 0, -0.312121, -1.05887, -0.396277, 
220625, -2.71593, -7.26643, 5.19955, 0, -0.480432, -1.35501, -0.776575, 
220905, -2.40458, -7.91787, 5.81266, 0, -0.46978, -1.56913, -1.01626, 
221189, -2.21777, -8.21006, 5.98271, 0, -0.45167, -1.47752, -0.812793, 
221479, -1.61184, -8.23401, 6.01145, 0, -0.383494, -1.24316, -0.680701, 
221785, -1.42263, -8.17893, 6.12402, 0, -0.314252, -0.9843, -0.535826, 
222094, -1.01069, -7.97775, 5.56359, 0, -0.317447, -0.905471, -0.537956, 
222370, -0.55085, -7.79573, 5.00555, 0, -0.299338, -0.965126, -0.628503, 
222651, -0.217945, -7.75501, 5.08219, 0, -0.30573, -0.922515, -0.594415, 
223000, -0.356855, -7.72627, 5.33846, 0, -0.165115, -0.841555, -0.486824, 
223305, -0.47421, -7.96817, 5.47018, 0, -0.0703072, -0.648743, -0.425039, 
223616, -0.17244, -8.0017, 5.45342, 0, -0.144875, -0.584828, -0.499607, 
223943, 0.0958, -8.10947, 5.16602, 0, -0.234357, -0.713724, -0.598676, 
224235, 0.390385, -7.92745, 5.09177, 0, -0.292947, -0.908667, -0.771248, 
224538, 0.950815, -8.26275, 5.14446, 0, -0.485759, -1.2634, -0.998149, 
224848, 0.998715, -7.5227, 4.95765, 0, -0.598676, -1.50628, -1.42425, 
225124, 0.27782, -7.7622, 5.56598, 0, -0.16192, -0.950212, -1.21546, 
225402, -0.261055, -7.63526, 5.24984, 0, 0.0202399, -0.485759, -0.899079, 
225676, 1.46335, -7.06525, 4.18646, 0, -0.0980039, -0.812793, -1.15048, 
225975, 2.94106, -7.48198, 3.89427, 0, -0.281229, -1.22611, -1.44236, 
226285, 2.70156, -8.31065, 4.39004, 0, -0.165115, -1.27938, -1.23996, 
226565, 2.98657, -8.54296, 4.6008, 0, 0.0138484, -0.919319, -0.726507, 
226853, 3.44401, -8.26035, 4.18886, 0, -0.0330231, -0.731834, -0.535826, 
227145, 3.70028, -7.96338, 3.81524, 0, -0.178964, -0.918254, -0.710528, 
227444, 3.48472, -7.89632, 3.83919, 0, -0.276968, -0.948081, -0.659396, 
227746, 3.34582, -8.04002, 4.02839, 0, -0.311056, -0.885231, -0.555, 
228026, 3.55179, -7.70472, 3.81284, 0, -0.515586, -1.09935, -0.664722, 
228300, 3.8344, -7.59694, 3.74818, 0, -0.588024, -1.18031, -0.814924, 
228583, 3.95415, -7.67358, 3.86074, 0, -0.38882, -1.00987, -0.735029, 
228896, 4.20083, -7.43648, 3.06321, 0, -0.308925, -1.06313, -0.803206, 
229210, 4.62714, -7.74543, 3.14703, 0, -0.270576, -1.02265, -0.801076, 
229494, 4.49062, -7.62329, 3.10632, 0, -0.220509, -0.854339, -0.673244, 
229794, 4.79479, -7.61131, 3.0656, 0, -0.14381, -0.69455, -0.533695, 
230106, 5.08219, -7.65682, 2.81652, 0, -0.276968, -0.830903, -0.623177, 
230416, 5.39833, -7.72627, 2.71114, 0, -0.433561, -1.07804, -0.724377, 
230698, 5.5564, -7.81728, 2.65845, 0, -0.40906, -1.17924, -0.641287, 
230974, 5.748, -7.77417, 2.40458, 0, -0.351536, -1.10148, -0.624242, 
231252, 6.10246, -7.65921, 2.31357, 0, -0.360058, -1.05567, -0.611459, 
231557, 6.22461, -7.54186, 2.16987, 0, -0.258858, -1.03224, -0.569914, 
231869, 6.27011, -7.17063, 2.01419, 0, -0.175768, -0.83836, -0.523043, 
232148, 6.18629, -7.11315, 2.13394, 0, 0.0852208, -0.733964, -0.474041, 
232428, 5.55401, -6.5144, 1.70045, 0, 0.237553, -0.542217, -0.458062, 
232708, 5.57316, -6.26053, 1.65974, 0, 0.284424, -0.366449, -0.486824, 
233008, 6.38028, -6.69403, 1.36755, 0, 0.182159, -0.578436, -0.67644, 
233312, 6.79462, -6.86168, 1.50646, 0, 0.0213052, -0.82025, -0.814924, 
233587, 6.95508, -7.24248, 1.62381, 0, -0.00639156, -0.821315, -0.678571, 
233862, 7.40295, -7.02933, 1.54957, 0, 0, -0.557131, -0.485759, 
234259, 7.22572, -6.91197, 1.26217, 0, 0.137419, -0.317447, -0.284424, 
234594, 7.41971, -6.63176, 0.83346, 0, 0.0916124, -0.397342, -0.197073, 
234918, 8.01128, -6.58864, 0.639465, 0, -0.0809598, -0.768052, -0.485759, 
235196, 7.29517, -6.31083, 0.898125, 0, -0.170442, -0.868187, -0.644482, 
235477, 6.9934, -6.43776, 1.03225, 0, 0.0266315, -0.712659, -0.525173, 
235780, 7.4245, -6.07372, 0.615515, 0, 0.151267, -0.736095, -0.237553, 
236089, 6.8976, -5.58275, 0.46463, 0, 0.358993, -1.11107, -0.124635, 
236372, 7.6185, -5.88452, 0.366435, 0, 0.414386, -0.890557, -0.458062, 
236647, 7.2832, -5.99469, 0.6706, 0, 0.561392, -0.320643, -0.379233, 
236941, 6.7084, -6.25095, 1.0035, 0, 0.885231, -0.0276968, -0.234357, 
237254, 7.1874, -5.77674, 0.749635, 0, 0.841555, 0.0841555, -0.338753, 
237567, 7.89632, -5.98032, 0.136515, 0, 0.572045, -0.148071, -0.34834, 
237845, 8.72259, -6.23658, 0.34488, 0, 0.335557, -0.478302, -0.432496, 
238130, 8.55733, -6.48566, 0.7664, 0, 0.221574, -0.397342, -0.32597, 
238416, 8.03522, -6.4665, 0.874175, 0, 0.229031, -0.242879, -0.0990692, 
238722, 7.57299, -5.84859, 0.768795, 0, 0.177898, -0.133158, 0.0628503, 
239035, 8.0472, -6.1791, 0.514925, 0, 0.0649809, -0.235422, 0.116113, 
239355, 7.90829, -5.87494, 0.184415, 0, -0.00958734, -0.472975, 0.230096, 
239637, 7.67119, -5.73124, 0.51732, 0, -0.00852208, -0.525173, 0.20453, 
239935, 7.85321, -5.5109, 0.529295, 0, 0.117179, -0.363254, 0.134223, 
240230, 7.74304, -5.48455, 0.46463, 0, 0.26738, -0.324904, 0.0873513, 
240535, 7.46043, -5.16123, 0.347275, 0, 0.232227, -0.395211, 0.152332, 
240860, 7.34068, -5.77674, 0.016765, 0, 0.323839, -0.724377, 0.306795, 
241144, 7.31912, -6.00906, 0.160465, 0, 0.413321, -1.09509, 0.432496, 
241443, 7.51551, -5.35522, 0.84304, 0, 0.514521, -0.877774, 0.339818, 
241754, 8.15497, -6.04977, 0.217945, 0, 0.812793, -0.604002, 0.24501, 
242125, 7.88674, -5.37917, -0.007185, 0, 0.951277, -0.53263, 0.0926776, 
242399, 7.7622, -5.71208, 0.06706, 0, 0.958734, -0.297208, 0.0830903, 
242692, 7.39337, -5.70968, 0.30177, 0, 0.940625, -0.144875, 0.0724377, 
242994, 7.41492, -6.18389, 0.385595, 0, 0.965126, -0.0298273, 0.235422, 
243311, 7.62089, -6.04498, 0.031135, 0, 1.16539, -0.20453, 0.151267, 
243592, 7.74783, -5.15165, 0.4311, 0, 1.43704, -0.119309, 0.0500672, 
243867, 7.55144, -5.14925, 0.395175, 0, 1.63837, 0.246075, 0.0436757, 
244172, 7.57778, -6.48327, 1.11128, 0, 1.88018, 0.14168, -0.220509, 
244480, 7.38139, -5.942, 1.03225, 0, 1.72785, 0.213052, -0.398407, 
244793, 7.24727, -5.93481, 1.84655, 0, 1.50734, 0.412256, -0.450605, 
245071, 7.92745, -6.36112, 2.11478, 0, 1.52332, 0.450605, -0.304664, 
245353, 7.9035, -6.98622, 1.59268, 0, 1.35288, 0.419712, 0.0681766, 
245651, 7.73825, -6.11444, 1.7268, 0, 1.06419, 0.295077, 0.331296, 
245957, 7.97296, -6.15994, 3.09913, 0, 1.08337, 0.28762, 0.407995, 
246263, 7.74543, -6.98622, 2.90035, 0, 1.39869, -0.0639156, 0.275902, 
246554, 7.28799, -5.53964, 2.13394, 0, 1.34329, -0.356862, 0.389885, 
246842, 8.1454, -4.25113, 2.63211, 0, 1.53078, 0.0149136, 0.53263, 
247140, 7.5706, -4.99836, 3.80805, 0, 1.56487, 0.645548, 0.468714, 
247443, 7.7119, -5.57316, 3.78171, 0, 1.45941, 1.28257, 0.304664, 
247728, 7.51791, -5.38396, 3.34821, 0, 1.20481, 1.63837, 0.077764, 
248003, 7.48677, -4.73971, 3.51825, 0, 0.893753, 1.714, -0.028762, 
248283, 6.70361, -4.82593, 3.67154, 0, 1.11426, 1.34542, 0.198138, 
248580, 5.60191, -4.65828, 5.14686, 0, 1.50947, 1.18883, 0.106526, 
248929, 6.26532, -4.88101, 5.88452, 0, 2.03465, 1.34542, 0.0553935, 
249226, 6.20784, -4.66546, 6.15276, 0, 2.26155, 1.68418, 0.0479367, 
249507, 6.19826, -4.41878, 6.53835, 0, 2.46395, 2.00375, 0.294012, 
249796, 6.26771, -4.58882, 6.33238, 0, 2.94118, 2.16674, 0.639156, 
250085, 6.44495, -4.24634, 6.29406, 0, 3.14145, 2.1433, 0.744617, 
250387, 5.64741, -3.49431, 6.38986, 0, 2.96036, 2.16141, 0.622112, 
250665, 4.90017, -2.41656, 6.95987, 0, 2.7047, 2.21894, 0.443148, 
250944, 4.21281, -1.54717, 7.46522, 0, 2.55769, 2.17846, 0.380298, 
251264, 4.11701, -1.90163, 8.00648, 0, 2.7228, 2.16248, 0.641287, 
251563, 3.94936, -1.74356, 8.22683, 0, 2.64184, 2.122, 0.94382, 
251868, 3.00094, -1.49448, 8.37532, 0, 2.22852, 1.88977, 0.637025, 
252148, 2.09802, -1.37473, 8.93335, 0, 2.03358, 1.48604, 0.239684, 
252425, 1.65734, -0.859805, 9.45067, 0, 2.0975, 1.09722, -0.0841555, 
252733, 1.70285, 0.12933, 9.57042, 0, 2.07726, 1.02265, 0.0117179, 
253028, 2.0597, 0.443075, 9.50815, 0, 2.07619, 1.17711, 0.191747, 
253318, 2.0118, 0.52211, 9.60874, 0, 2.22213, 1.4413, 0.223705, 
253592, 1.51843, 1.0059, 9.53689, 0, 2.35103, 1.69483, 0.272707, 
253896, 1.12086, 1.94235, 9.34529, 0, 2.31694, 1.88444, 0.436757, 
254202, 0.72808, 2.35908, 9.3405, 0, 2.19017, 1.80881, 0.405864, 
254514, 0.495765, 3.08955, 9.33092, 0, 2.03997, 1.80562, 0.270576, 
254788, 0.160465, 3.31708, 9.02436, 0, 1.91427, 1.9196, 0.145941, 
255062, 0.016765, 3.17098, 9.33811, 0, 2.1678, 2.171, 0.239684, 
255352, -0.44547, 2.28723, 9.42432, 0, 2.65782, 2.4959, 0.631699, 
255647, -1.1017, 3.15661, 8.99562, 0, 3.06262, 2.9007, 0.912928, 
255956, -1.33881, 4.5026, 8.31065, 0, 3.05623, 3.09245, 0.795749, 
256236, -1.57831, 4.96962, 7.24488, 0, 3.03493, 3.03066, 0.484693, 
256517, -2.18903, 6.26532, 6.29167, 0, 2.82827, 2.65676, 0.338753, 
256809, -2.27046, 7.0916, 5.5085, 0, 2.6248, 2.33931, 0.464453, 
257104, -2.3974, 7.07004, 4.74449, 0, 2.40536, 2.20296, 0.294012, 
257402, -2.96501, 7.13231, 4.13377, 0, 2.22746, 1.98138, 0.200269, 
257676, -2.90035, 7.53946, 3.87032, 0, 2.06554, 1.89723, 0.288685, 
257963, -3.47275, 6.706, 3.78889, 0, 2.31374, 2.3947, 0.459127, 
258272, -2.90753, 7.30475, 3.53502, 0, 2.12306, 2.73133, 0.347275, 
258625, -3.70267, 8.74415, 2.79018, 0, 1.64263, 2.70576, 0.133158, 
258922, -3.26438, 8.08073, 1.98306, 0, 1.3859, 2.79418, -0.296142, 
259203, -3.76973, 8.80642, 1.05859, 0, 1.09935, 2.61415, -0.447409, 
259486, -4.1673, 9.12256, 0.361645, 0, 1.17392, 2.05808, -0.444213, 
259794, -5.06543, 8.70104, 0.146095, 0, 1.7907, 1.50628, -0.298273, 
260108, -4.71336, 8.72499, 0.672995, 0, 2.08045, 1.714, 0.0617851, 
260392, -4.75887, 8.23641, 0.677785, 0, 2.00269, 1.78538, 0.118244, 
260667, -5.43665, 8.39927, 0.56043, 0, 2.00588, 1.74809, 0.00106526, 
260957, -5.40791, 8.63158, 0.126935, 0, 1.77366, 2.26155, -0.108657, 
261261, -5.07022, 8.78965, -0.92926, 0, 1.83331, 2.81655, -0.157658, 
261571, -5.34325, 8.88306, -1.76991, 0, 2.04317, 3.23306, 0.0884166, 
261857, -5.05105, 9.08663, -2.60337, 0, 2.18698, 3.4099, 0.378167, 
262152, -3.91822, 7.92745, -3.29073, 0, 2.23598, 3.38859, 0.242879, 
262451, -4.12898, 9.45786, -4.34453, 0, 1.85888, 3.0818, -0.077764, 
262745, -4.29663, 8.50944, -5.42467, 0, 1.714, 3.12015, 0.0564588, 
263043, -3.99247, 8.15977, -4.9816, 0, 1.98564, 3.01682, 0.450605, 
263319, -3.17338, 7.70711, -6.38268, 0, 1.70974, 2.54917, 0.44954, 
263593, -1.09452, 6.72995, -5.8462, 0, 1.2847, 2.40323, 0.296142, 
263895, -1.44898, 6.79222, -6.02343, 0, 1.05993, 2.53958, -0.177898, 
264198, -2.7303, 6.90718, -6.21982, 0, 0.94169, 2.73985, -0.61359, 
264496, -2.60576, 7.59215, -7.47001, 0, 0.732899, 2.42666, -0.586958, 
264777, -2.67282, 7.48438, -7.6161, 0, 0.912928, 1.51054, -0.843686, 
265077, -2.30399, 7.63526, -7.78854, 0, 1.14942, 1.10041, -0.73929, 
265390, -1.71961, 8.63637, -8.38011, 0, 1.208, 1.44449, -0.466584, 
265706, -1.54957, 7.5682, -7.94901, 0, 1.19735, 1.77153, -0.0724377, 
265987, -1.45137, 6.43058, -8.10947, 0, 0.92358, 1.51267, -0.0990692, 
266262, -0.356855, 5.1253, -8.17174, 0, 0.756335, 1.00134, -0.574175, 
266548, 0.55085, 5.1277, -7.96338, 0, 0.751008, 0.768052, -0.909732, 
266846, 0.423915, 5.13728, -8.27472, 0, 0.810663, 0.796815, -1.08763, 
267164, 0.519715, 5.79111, -8.70104, 0, 0.702006, 0.977909, -1.47432, 
267454, 0.146095, 4.95286, -8.83276, 0, 0.577371, 1.04076, -1.71294, 
267738, -0.380805, 3.90625, -8.39687, 0, 1.2357, 0.549674, -1.8429, 
268031, -0.8622, 4.86424, -8.90701, 0, 1.32944, 0.286555, -1.80029, 
268331, -0.835855, 4.61277, -9.14651, 0, 1.01306, 0.0788292, -1.58724, 
268635, -1.03225, 3.56616, -8.63158, 0, 0.839425, 0.177898, -1.59469, 
268911, -1.88487, 4.27029, -9.08184, 0, 0.720116, 0.1012, -1.89829, 
269194, -2.27286, 4.06671, -8.59566, 0, 0.927841, -0.00106526, -1.67246, 
269497, -1.76751, 4.77324, -9.98476, 0, 0.414386, -0.502803, -2.08684, 
269798, -1.70764, 4.42117, -9.91051, 0, 0.115048, -1.32625, -2.73985, 
270105, -2.7327, 3.38653, -9.50815, 0, -0.738225, -1.11533, -2.98805, 
270414, -2.05012, 0.96279, -7.08441, 0, -0.833033, -0.905471, -2.01334, 
270698, -3.62843, 3.99247, -9.26626, 0, -0.5305, -1.65115, -2.36275, 
271002, -3.14224, 3.55897, -8.82797, 0, -0.222639, -1.57232, -2.20935, 
271320, -4.30382, 4.14575, -9.09861, 0, -0.0436757, -0.916124, -2.3734, 
271642, -4.72294, 2.55307, -8.51183, 0, 0.233292, -0.987496, -1.79177, 
271932, -5.64981, 3.36019, -9.02197, 0, 0.263119, -1.79496, -1.6682, 
272248, -5.43426, 2.92669, -7.93224, 0, 0.503868, -2.64717, -2.01121, 
272556, -6.98622, 3.44162, -8.08792, 0, 0.795749, -2.89218, -2.49164, 
272874, -7.68077, 2.67761, -7.57539, 0, 0.393081, -2.6738, -1.64796, 
273158, -7.2353, 3.19493, -6.73714, 0, -0.46978, -2.74198, -1.34329, 
273444, -7.23769, 2.00462, -7.58018, 0, 0.493215, -4.27915, -1.96754, 
273733, -8.43998, 2.32555, -6.47369, 0, 0.482563, -3.76037, -1.25807, 
274028, -9.08184, 2.3974, -7.09399, 0, 0.207726, -1.84716, -0.369645, 
274366, -7.78136, 1.42982, -5.15644, 0, 0.00639156, -0.540087, -0.133158, 
274636, -7.79094, 0.77598, -4.58882, 0, -0.169376, -0.761661, -0.576306, 
274918, -7.86758, 0.99632, -4.83072, 0, -0.269511, -1.56487, -1.5148, 
275213, -7.96338, 0.93405, -4.76366, 0, -0.372841, -2.18272, -2.31481, 
275502, -8.01846, 0.213155, -4.19125, 0, -0.465519, -2.3766, -2.80803, 
275808, -7.97056, -0.615515, -3.99007, 0, -0.465519, -2.19657, -2.75796, 
276143, -8.15019, -1.4873, -3.72183, 0, -0.321709, -1.80668, -2.45649, 
276432, -8.30586, -1.03464, -3.74339, 0, -0.334492, -1.6128, -2.38725, 
276723, -8.31065, -1.62381, -3.45838, 0, -0.24714, -1.63517, -2.33292, 
277040, -8.56213, -2.67043, -2.85963, 0, -0.173637, -1.91853, -1.81946, 
277328, -8.97167, -2.73509, -2.57223, 0, -0.557131, -1.60641, -1.94623, 
277610, -10.8374, -2.21777, -2.81173, 0, -0.916124, -1.97819, -2.2722, 
277905, -10.6578, -2.35429, -1.97588, 0, -0.73929, -2.21574, -2.2967, 
278201, -9.19201, -3.81524, -1.26696, 0, -0.644482, -1.70122, -1.88338, 
278515, -8.49746, -5.30253, -0.05269, 0, -0.876709, -1.58404, -1.88871, 
278801, -7.38618, -6.01624, 0.011975, 0, -1.25062, -1.92706, -3.09778, 
279083, -7.59694, -5.63544, -0.22513, 0, -1.27831, -2.47247, -3.98407, 
279394, -8.05918, -5.14686, -0.479, 0, -0.846882, -2.68765, -3.76782, 
279692, -7.54904, -6.19347, 0.059875, 0, -0.663657, -2.28818, -2.60669, 
279992, -7.03412, -6.91197, 0.629885, 0, -0.753139, -1.81094, -1.8184, 
280265, -6.23898, -6.45932, 0.610725, 0, -0.837294, -1.9686, -2.65037, 
280549, -6.38986, -5.04387, -0.059875, 0, -0.821315, -2.64504, -3.56649, 
280849, -6.31801, -7.09878, 0.69455, 0, -0.483628, -2.89112, -3.21815, 
281208, -5.42707, -8.52859, 1.69806, 0, -0.464453, -2.73026, -2.67167, 
281534, -5.17799, -8.49746, 1.72919, 0, -0.59548, -2.43731, -2.90283, 
281817, -4.67504, -8.85192, 2.07886, 0, -0.547544, -2.26794, -3.0509, 
282099, -3.93259, -8.78965, 1.63818, 0, -0.464453, -1.95369, -2.84211, 
282389, -2.3495, -10.4638, 1.78428, 0, -0.405864, -1.56806, -2.72387, 
282744, -1.80583, -9.76442, 1.62381, 0, -0.333426, -1.81094, -2.93692, 
283029, -1.77949, -10.3536, 2.19143, 0, -0.316382, -1.32518, -2.70256, 
283316, -2.45487, -11.0529, 2.58421, 0, -0.61359, -0.869252, -2.1433, 
283614, -1.12805, -10.3632, 1.97827, 0, -0.63383, -0.755269, -1.66074, 
283919, -0.479, -9.97278, 1.12565, 0, -0.403734, -0.609329, -0.936364, 
284219, -0.00479, -9.67819, 1.03943, 0, -0.340883, -0.639156, -0.999214, 
284504, 1.2454, -10.0446, 0.649045, 0, -0.339818, -1.10254, -1.63624, 
284788, 2.11, -10.1117, 0.99153, 0, -0.202399, -1.48923, -2.37446, 
285092, 1.62142, -9.43391, 1.08494, 0, -0.151267, -1.52865, -2.34357, 
285384, 1.437, -9.50576, 1.15918, 0, 0.0660461, -1.49136, -2.26261, 
285686, 1.80583, -9.22793, 1.07056, 0, 0.0852208, -1.53504, -2.37979, 
286001, 2.28962, -8.71541, 1.02267, 0, 0.0756335, -1.48923, -2.34038, 
286318, 2.78539, -8.58607, 1.03225, 0, 0.232227, -1.3646, -2.16461, 
286630, 3.17577, -8.42082, 0.831065, 0, 0.520912, -1.16753, -1.96221, 
286931, 3.53981, -9.36685, 1.64776, 0, 0.599741, -1.13024, -1.89723, 
287236, 4.09306, -9.62072, 1.71961, 0, 0.585893, -1.45621, -1.58298, 
287518, 4.67504, -9.01957, 1.30049, 0, 0.632764, -1.81094, -1.38058, 
287804, 4.70139, -7.12752, 0.59875, 0, 0.521977, -2.01441, -1.5116, 
288105, 5.02711, -6.79941, -0.53648, 0, 0.566718, -2.3244, -1.83438, 
288409, 5.84859, -7.39816, 1.59747, 0, 0.404799, -2.57793, -1.77366, 
288702, 6.50482, -8.04241, 0.251475, 0, 0.269511, -2.37127, -1.0855, 
288983, 5.92044, -7.69274, -0.94842, 0, 0.191747, -2.41921, -0.609329, 
289261, 6.25574, -7.15387, -1.11367, 0, 0.337687, -2.13372, -0.649809, 
289550, 6.34675, -7.89153, -0.11975, 0, 0.246075, -1.16007, -0.51026, 
289856, 5.942, -8.27712, -0.059875, 0, 0.0308925, -0.363254, -0.0500672, 
290148, 5.59472, -7.74543, -0.69934, 0, 0.077764, -0.288685, 0.211987, 
290427, 6.45452, -7.00777, -1.66453, 0, 0.349405, -0.704137, 0.170442, 
290712, 6.96227, -5.97313, -2.47643, 0, 0.43143, -1.08017, -0.275902, 
291021, 6.50482, -5.71926, -2.24891, 0, 0.393081, -1.00774, -0.308925, 
291318, 6.36591, -7.69274, -1.14242, 0, 0.504933, -0.715855, -0.340883, 
291605, 6.95987, -7.99212, -1.32443, 0, 0.474041, -0.673244, -0.150202, 
291889, 7.379, -7.19458, -1.77709, 0, 0.343014, -0.746747, -0.379233, 
292185, 7.04609, -7.02693, -1.68369, 0, 0.334492, -0.692419, -0.550739, 
292483, 6.59104, -7.2353, -0.831065, 0, 0.38882, -0.464453, -0.572045, 
292773, 7.22332, -7.29517, -1.0562, 0, 0.465519, -0.304664, -0.481498, 
293102, 6.95269, -7.14668, -0.46942, 0, 0.472975, -0.208791, -0.447409, 
293406, 6.78504, -6.67008, -0.30656, 0, 0.396277, -0.358993, -0.420778, 
293712, 6.96945, -6.65092, -0.7185, 0, 0.483628, -0.570979, -0.566718, 
294008, 7.74783, -6.78983, -1.08015, 0, 0.689223, -0.61359, -0.932103, 
294306, 8.25317, -6.52877, -1.59986, 0, 0.596546, -0.760596, -1.17711, 
294591, 7.24727, -6.92395, -0.974765, 0, 0.752074, -0.886296, -1.05141, 
294884, 6.44734, -6.28927, -1.06817, 0, 1.07485, -1.04289, -0.905471, 
295180, 7.26883, -6.18868, -1.23103, 0, 1.23677, -1.04502, -0.935298, 
295480, 7.51312, -5.72405, -1.70764, 0, 0.761661, -1.2879, -1.07165, 
295759, 7.50114, -6.8521, -1.24061, 0, 0.255662, -1.63837, -1.10467, 
296054, 7.58736, -7.45324, -1.42024, 0, 0.37071, -2.31694, -0.660461, 
296350, 7.21853, -5.35043, -2.07647, 0, 0.793619, -2.54491, -0.338753, 
296642, 6.92874, -3.81524, -2.86682, 0, 1.17392, -2.37553, -0.22477, 
296937, 7.54665, -5.16123, -3.94457, 0, 1.32518, -1.83012, -0.263119, 
297217, 8.46393, -5.74321, -3.22128, 0, 0.752074, -0.651939, -0.774444, 
297504, 9.37164, -6.01864, -2.40698, 0, 0.641287, 0.282294, -0.59335, 
297805, 7.73585, -5.18757, -2.19622, 0, 0.867122, 0.704137, -0.567784, 
298101, 7.18021, -5.70968, -2.62971, 0, 1.16007, 0.395211, -0.614655, 
298394, 7.185, -5.57556, -2.79018, 0, 1.09083, 0.0053263, -0.378167, 
298674, 7.52749, -4.96244, -2.70156, 0, 0.821315, -0.266315, -0.455931, 
298981, 7.95619, -4.95765, -1.85852, 0, 0.960865, -0.159789, -0.742486, 
299279, 7.92745, -4.5529, -1.99025, 0, 1.33264, 0.0948081, -0.807467, 
299574, 8.03762, -5.33846, -1.76272, 0, 1.70761, 0.498542, -0.721181, 
299868, 8.1909, -5.58754, -1.52322, 0, 1.93238, 0.675375, -0.531565, 
